1 0.93828125 0.59453125 0.0140625 0.01640625
1 0.96484375 0.778125 0.0234375 0.0390625
1 0.9609375 0.709375 0.021875 0.03046875
1 0.3640625 0.66640625 0.021875 0.0390625
1 0.71953125 0.659375 0.0171875 0.03046875
1 0.26484375 0.55546875 0.0171875 0.028125
1 0.459375 0.565625 0.015625 0.025
1 0.565625 0.7640625 0.034375 0.05546875
1 0.36484375 0.66640625 0.0234375 0.04140625
1 0.93828125 0.5953125 0.015625 0.02109375
1 0.96015625 0.7109375 0.021875 0.03203125
1 0.26484375 0.55703125 0.0171875 0.02890625
1 0.56640625 0.76640625 0.03515625 0.05703125
1 0.96484375 0.778125 0.02578125 0.040625
1 0.46015625 0.5671875 0.01640625 0.0265625
1 0.7203125 0.659375 0.01953125 0.03203125