1 0.63671875 0.428125 0.0171875 0.028125
1 0.88828125 0.44140625 0.0203125 0.03359375
1 0.53671875 0.51796875 0.0140625 0.0359375
1 0.4078125 0.521875 0.021875 0.0390625
1 0.70390625 0.41640625 0.0171875 0.028125
1 0.35625 0.475 0.01875 0.021875
1 0.47578125 0.2890625 0.0390625 0.071875
1 0.8953125 0.428125 0.015625 0.028125
1 0.88828125 0.44375 0.0203125 0.0328125
1 0.475 0.2890625 0.04140625 0.071875
1 0.6375 0.42890625 0.0171875 0.03046875
1 0.40859375 0.52265625 0.02265625 0.03984375
1 0.3578125 0.47421875 0.01875 0.02734375
1 0.8953125 0.43046875 0.01875 0.0296875