1 0.0265625 0.15 0.01875 0.03359375
1 0.790625 0.45 0.0375 0.0609375
1 0.20390625 0.06640625 0.0140625 0.021875
1 0.8703125 0.425 0.0375 0.0609375
1 0.0921875 0.49296875 0.04375 0.06953125
1 0.25390625 0.103125 0.0171875 0.028125
1 0.56171875 0.396875 0.0296875 0.05
1 0.47578125 0.1375 0.0171875 0.03046875
1 0.48984375 0.13203125 0.0140625 0.03046875
1 0.215625 0.134375 0.01875 0.03046875
1 0.25390625 0.10234375 0.0171875 0.02578125
1 0.4765625 0.13828125 0.01640625 0.03359375
1 0.8703125 0.4265625 0.0390625 0.06328125
1 0.5625 0.39921875 0.03125 0.05234375
1 0.490625 0.13359375 0.0140625 0.03125
1 0.2046875 0.0671875 0.01484375 0.02265625
1 0.0921875 0.49453125 0.0421875 0.07109375
1 0.2171875 0.13515625 0.01875 0.03359375
1 0.79140625 0.45078125 0.0390625 0.06640625
1 0.02734375 0.15 0.0203125 0.03515625
1 0.0046875 0.18125 0.009375 0.03671875
1 0.37109375 0.38125 0.02890625 0.03515625
1 0.96328125 0.0359375 0.02265625 0.01953125
1 0.97265625 0.0390625 0.00859375 0.01328125
1 0.40234375 0.41640625 0.01953125 0.03046875