1 0.73203125 0.5625 0.0203125 0.025
1 0.7984375 0.5734375 0.015625 0.0140625
1 0.33828125 0.509375 0.0078125 0.0140625
1 0.659375 0.50859375 0.009375 0.0109375
1 0.7984375 0.5734375 0.01484375 0.015625
1 0.3390625 0.51015625 0.009375 0.01484375
1 0.659375 0.509375 0.00859375 0.01484375
1 0.73359375 0.56328125 0.0203125 0.02578125
1 0.76796875 0.5765625 0.015625 0.0203125
1 0.44609375 0.50078125 0.00625 0.0125
1 0.42265625 0.4890625 0.00625 0.01015625
1 0.28125 0.509375 0.00859375 0.0140625
1 0.45390625 0.48125 0.00703125 0.01484375
1 0.56171875 0.484375 0.00625 0.01015625
1 0.7203125 0.584375 0.01484375 0.0171875