1 0.53984375 0.19140625 0.0265625 0.05
1 0.67578125 0.740625 0.0578125 0.103125
1 0.2203125 0.05546875 0.028125 0.04453125
1 0.490625 0.259375 0.03125 0.05859375
1 0.2203125 0.05625 0.028125 0.046875
1 0.49140625 0.26015625 0.0328125 0.05859375
1 0.53984375 0.19140625 0.02578125 0.04921875
1 0.6765625 0.73984375 0.0578125 0.10390625
1 0.40078125 0.5390625 0.0546875 0.07421875
1 0.5390625 0.1765625 0.01796875 0.021875
1 0.7890625 0.02109375 0.02421875 0.0203125
1 0.37890625 0.53359375 0.02265625 0.0515625
1 0.35078125 0.6140625 0.0609375 0.09609375