1 0.53671875 0.6640625 0.0234375 0.04453125
1 0.69140625 0.515625 0.0171875 0.03046875
1 0.5578125 0.50859375 0.015625 0.028125
1 0.83515625 0.6015625 0.0203125 0.0359375
1 0.81875 0.55390625 0.01875 0.03046875
1 0.3484375 0.51953125 0.01875 0.028125
1 0.48984375 0.490625 0.0203125 0.03046875
1 0.62109375 0.52890625 0.0171875 0.03046875
1 0.66796875 0.540625 0.0171875 0.03046875
1 0.66875 0.54140625 0.0171875 0.03125
1 0.82109375 0.55390625 0.01953125 0.03203125
1 0.490625 0.48984375 0.01875 0.03046875