1 0.421875 0.475 0.0125 0.021875
1 0.3078125 0.5875 0.028125 0.046875
1 0.79765625 0.55703125 0.0203125 0.03046875
1 0.40546875 0.484375 0.0171875 0.025
1 0.1265625 0.42890625 0.015625 0.01953125
1 0.27265625 0.459375 0.0171875 0.025
1 0.2 0.465625 0.01875 0.025
1 0.11171875 0.44609375 0.0171875 0.01953125
1 0.30859375 0.58671875 0.0265625 0.04453125
1 0.79765625 0.5578125 0.01953125 0.03203125
1 0.421875 0.475 0.01484375 0.025
1 0.1265625 0.43046875 0.01484375 0.0203125
1 0.2734375 0.46015625 0.0171875 0.02578125
1 0.40625 0.48671875 0.01640625 0.0265625
1 0.20078125 0.46640625 0.01796875 0.028125
1 0.1125 0.446875 0.01640625 0.0234375
1 0.265625 0.65390625 0.03359375 0.0484375
1 0.29375 0.615625 0.01796875 0.02734375
1 0.31328125 0.61875 0.02734375 0.0265625