1 0.53984375 0.19140625 0.0265625 0.05
1 0.67578125 0.740625 0.0578125 0.103125
1 0.2203125 0.05546875 0.028125 0.04453125
1 0.490625 0.259375 0.03125 0.05859375
1 0.4921875 0.26015625 0.03203125 0.0578125
1 0.2203125 0.05625 0.028125 0.046875
1 0.540625 0.19140625 0.0265625 0.0484375
1 0.67734375 0.740625 0.0578125 0.10390625
1 0.4015625 0.53828125 0.05390625 0.0734375
1 0.2109375 0.053125 0.01015625 0.03359375
1 0.22265625 0.04375 0.01640625 0.025
1 0.78984375 0.02109375 0.0234375 0.0203125
1 0.37890625 0.53359375 0.021875 0.05234375
1 0.34921875 0.61796875 0.05625 0.0828125