1 0.421875 0.475 0.0125 0.021875
1 0.3078125 0.5875 0.028125 0.046875
1 0.79765625 0.55703125 0.0203125 0.03046875
1 0.40546875 0.484375 0.0171875 0.025
1 0.1265625 0.42890625 0.015625 0.01953125
1 0.27265625 0.459375 0.0171875 0.025
1 0.2 0.465625 0.01875 0.025
1 0.11171875 0.44609375 0.0171875 0.01953125
1 0.20078125 0.465625 0.01796875 0.028125
1 0.30859375 0.5875 0.0265625 0.04609375
1 0.79765625 0.5578125 0.01953125 0.03203125
1 0.11171875 0.44765625 0.015625 0.0234375
1 0.27421875 0.46015625 0.0171875 0.02578125
1 0.40625 0.48671875 0.01640625 0.0265625
1 0.12734375 0.43125 0.01484375 0.02109375
1 0.42265625 0.4765625 0.01484375 0.02421875