1 0.62734375 0.446875 0.0203125 0.0390625
1 0.8484375 0.56796875 0.03125 0.053125
1 0.65390625 0.52890625 0.0265625 0.046875
1 0.17578125 0.53046875 0.0265625 0.05
1 0.74765625 0.5 0.0234375 0.04453125
1 0.63671875 0.47890625 0.0234375 0.04140625
1 0.634375 0.85703125 0.046875 0.0859375
1 0.665625 0.49609375 0.025 0.04140625
1 0.6671875 0.49609375 0.02578125 0.04453125
1 0.634375 0.85703125 0.046875 0.08828125
1 0.62734375 0.446875 0.02109375 0.0390625
1 0.65546875 0.53046875 0.02734375 0.0484375
1 0.84921875 0.56953125 0.03125 0.05390625