1 0.478125 0.37109375 0.01875 0.03046875
1 0.69453125 0.42890625 0.0203125 0.0359375
1 0.35859375 0.353125 0.0140625 0.021875
1 0.38046875 0.34140625 0.0140625 0.021875
1 0.3921875 0.403125 0.01875 0.03359375
1 0.3546875 0.45390625 0.015625 0.025
1 0.5859375 0.403125 0.01875 0.03359375
1 0.4921875 0.4609375 0.021875 0.0390625
1 0.49765625 0.35703125 0.0171875 0.025
1 0.7453125 0.34296875 0.015625 0.025
1 0.3921875 0.403125 0.01875 0.0328125
1 0.58671875 0.403125 0.01875 0.03203125
1 0.3546875 0.4546875 0.015625 0.02421875