1 0.1859375 0.0265625 0.028125 0.03046875
1 0.48359375 0.509375 0.0734375 0.13046875
1 0.4390625 0.5625 0.0625 0.06953125
1 0.78046875 0.55390625 0.0734375 0.16953125
1 0.50390625 0.640625 0.0640625 0.13046875
1 0.5515625 0.4640625 0.075 0.1109375
1 0.28984375 0.07109375 0.0421875 0.075
1 0.5421875 0.56796875 0.084375 0.146875
1 0.4546875 0.15390625 0.046875 0.0859375
1 0.54453125 0.571875 0.0796875 0.1421875
1 0.5015625 0.640625 0.07578125 0.13359375
1 0.18671875 0.028125 0.02734375 0.034375
1 0.28984375 0.071875 0.04140625 0.0765625
1 0.4546875 0.1546875 0.046875 0.0859375
1 0.43984375 0.56484375 0.0640625 0.0734375