1 0.4546875 0.56953125 0.03125 0.05
1 0.43359375 0.5984375 0.0484375 0.0640625
1 0.48671875 0.60390625 0.0546875 0.06953125
1 0.41875 0.53359375 0.046875 0.0890625
1 0.40859375 0.3859375 0.0453125 0.071875
1 0.38125 0.53046875 0.034375 0.028125
1 0.5421875 0.6734375 0.025 0.06953125
1 0.471875 0.49453125 0.040625 0.06640625
1 0.48984375 0.5375 0.0484375 0.0640625
1 0.49765625 0.446875 0.0421875 0.078125
1 0.51953125 0.503125 0.0484375 0.06640625
1 0.54140625 0.67734375 0.02578125 0.071875
1 0.41953125 0.5328125 0.0484375 0.0890625
1 0.38125 0.53515625 0.0359375 0.0359375
1 0.40859375 0.38828125 0.05 0.08125