1 0.60390625 0.60703125 0.0234375 0.04140625
1 0.10234375 0.5 0.0234375 0.03359375
1 0.45625 0.53203125 0.01875 0.03046875
1 0.35234375 0.49296875 0.0171875 0.03046875
1 0.47734375 0.446875 0.0171875 0.028125
1 0.5265625 0.60859375 0.025 0.0390625
1 0.4953125 0.4484375 0.01875 0.025
1 0.6140625 0.5484375 0.01875 0.0359375
1 0.478125 0.44921875 0.01640625 0.028125
1 0.353125 0.49296875 0.01796875 0.03125
1 0.52734375 0.60859375 0.0234375 0.0421875
1 0.1015625 0.50078125 0.02109375 0.0328125
1 0.6140625 0.54921875 0.0203125 0.034375
1 0.49453125 0.44921875 0.0171875 0.0265625
1 0.60390625 0.6078125 0.0234375 0.0421875
1 0.45703125 0.5328125 0.01875 0.034375