1 0.52265625 0.625 0.0265625 0.05
1 0.76953125 0.715625 0.0359375 0.0640625
1 0.93515625 0.4390625 0.0203125 0.03359375
1 0.025 0.62109375 0.028125 0.04140625
1 0.7796875 0.459375 0.021875 0.0359375
1 0.64921875 0.6359375 0.0296875 0.05546875
1 0.96640625 0.4484375 0.0234375 0.0359375
1 0.63359375 0.6984375 0.0328125 0.05859375
1 0.5140625 0.58359375 0.025 0.04453125
1 0.7703125 0.71640625 0.03671875 0.065625
1 0.0265625 0.621875 0.02734375 0.04453125
1 0.65 0.634375 0.02890625 0.05390625
1 0.51484375 0.5828125 0.02734375 0.0453125