1 0.4140625 0.328125 0.01875 0.03359375
1 0.15 0.3515625 0.021875 0.03046875
1 0.49140625 0.35703125 0.0203125 0.0359375
1 0.36015625 0.32890625 0.0203125 0.03046875
1 0.428125 0.4359375 0.025 0.04453125
1 0.35703125 0.359375 0.0203125 0.0359375
1 0.4140625 0.32890625 0.01953125 0.03203125
1 0.15078125 0.3546875 0.02265625 0.03359375
1 0.35859375 0.36015625 0.0203125 0.034375
1 0.3609375 0.32890625 0.02109375 0.03046875
1 0.42890625 0.43671875 0.02578125 0.04609375
1 0.49140625 0.3578125 0.0203125 0.0359375
1 0.20859375 0.325 0.0140625 0.028125
1 0.28359375 0.459375 0.009375 0.03125
1 0.56875 0.44296875 0.028125 0.040625
1 0.4078125 0.325 0.01015625 0.021875
1 0.34921875 0.35234375 0.01015625 0.0234375
1 0.4859375 0.35234375 0.009375 0.01953125