1 0.4484375 0.7390625 0.109375 0.2
1 0.81875 0.70546875 0.09375 0.221875
1 0.3953125 0.63046875 0.084375 0.15
1 0.3390625 0.69296875 0.1 0.08046875
1 0.55234375 0.50390625 0.0921875 0.153125
1 0.3796875 0.059375 0.028125 0.103125
1 0.525 0.63046875 0.103125 0.18359375
1 0.46171875 0.546875 0.0953125 0.171875
1 0.48515625 0.05703125 0.0515625 0.096875
1 0.528125 0.62890625 0.10703125 0.18671875
1 0.45078125 0.7390625 0.10859375 0.1984375
1 0.34140625 0.69375 0.0984375 0.08671875
1 0.48515625 0.05625 0.0515625 0.0984375