1 0.7015625 0.3359375 0.015625 0.021875
1 0.4859375 0.3765625 0.01875 0.03046875
1 0.63515625 0.428125 0.0203125 0.03359375
1 0.36484375 0.359375 0.0140625 0.025
1 0.00703125 0.7359375 0.0140625 0.0609375
1 0.36796875 0.459375 0.0234375 0.025
1 0.1953125 0.4359375 0.015625 0.028125
1 0.38984375 0.3484375 0.0171875 0.025
1 0.43828125 0.51640625 0.0234375 0.0390625
1 0.5 0.46640625 0.021875 0.0390625
1 0.5046875 0.3625 0.01875 0.025
1 0.59296875 0.40859375 0.0203125 0.03359375
1 0.4 0.409375 0.01875 0.03046875
1 0.4390625 0.5171875 0.02265625 0.03984375
1 0.36640625 0.36328125 0.0140625 0.02578125
1 0.6359375 0.42890625 0.0203125 0.03515625
1 0.70234375 0.3375 0.01484375 0.02421875
1 0.1953125 0.43359375 0.01328125 0.025
1 0.0078125 0.7359375 0.015625 0.0625