1 0.3859375 0.56953125 0.025 0.0390625
1 0.328125 0.45546875 0.01875 0.03359375
1 0.509375 0.6390625 0.009375 0.028125
1 0.41328125 0.66953125 0.0296875 0.05546875
1 0.44375 0.4875 0.01875 0.0359375
1 0.309375 0.47109375 0.01875 0.03046875
1 0.32890625 0.45625 0.0171875 0.03125
1 0.5109375 0.63828125 0.01171875 0.04140625
1 0.41328125 0.66875 0.03046875 0.053125
1 0.44453125 0.4875 0.01953125 0.0359375
1 0.38671875 0.57109375 0.025 0.03984375
1 0.309375 0.47265625 0.01875 0.03359375
1 0.215625 0.52578125 0.01796875 0.03359375
1 0.2234375 0.60703125 0.009375 0.02578125
1 0.996875 0.571875 0.00625 0.040625
1 0.49296875 0.63203125 0.01796875 0.053125