1 0.85859375 0.409375 0.0171875 0.025
1 0.65234375 0.425 0.0171875 0.028125
1 0.8453125 0.43359375 0.01875 0.028125
1 0.1015625 0.39296875 0.01875 0.025
1 0.096875 0.4125 0.021875 0.03046875
1 0.725 0.39609375 0.015625 0.025
1 0.584375 0.5609375 0.025 0.04453125
1 0.79453125 0.41953125 0.0171875 0.028125
1 0.65234375 0.42578125 0.01640625 0.02890625
1 0.79453125 0.4203125 0.01875 0.0296875
1 0.58515625 0.56171875 0.02734375 0.046875
1 0.8453125 0.43359375 0.01875 0.0296875
1 0.10234375 0.39453125 0.0203125 0.0265625
1 0.859375 0.41015625 0.01796875 0.028125
1 0.725 0.39765625 0.0171875 0.028125
1 0.096875 0.41328125 0.021875 0.0328125