1 0.459375 0.4640625 0.015625 0.028125
1 0.3734375 0.5 0.01875 0.03359375
1 0.16484375 0.52890625 0.0171875 0.025
1 0.33984375 0.45390625 0.0171875 0.025
1 0.47421875 0.55546875 0.0203125 0.0390625
1 0.3390625 0.55703125 0.021875 0.0359375
1 0.53359375 0.50859375 0.0203125 0.0390625
1 0.3609375 0.4390625 0.0125 0.021875
1 0.40546875 0.61953125 0.0265625 0.04453125
1 0.4796875 0.4515625 0.01875 0.03046875
1 0.56640625 0.49453125 0.0171875 0.03359375
1 0.4046875 0.61953125 0.0234375 0.0421875
1 0.3734375 0.5015625 0.01875 0.03359375