1 0.4125 0.3484375 0.01875 0.03046875
1 0.078125 0.409375 0.025 0.03046875
1 0.325 0.42890625 0.009375 0.03046875
1 0.0953125 0.53359375 0.034375 0.05546875
1 0.23125 0.31796875 0.015625 0.025
1 0.23203125 0.44140625 0.0265625 0.04453125
1 0.1453125 0.29453125 0.028125 0.028125
1 0.3015625 0.34453125 0.0125 0.021875
1 0.49609375 0.375 0.0203125 0.03359375
1 0.1828125 0.3625 0.01875 0.03046875
1 0.1640625 0.38046875 0.021875 0.03359375
1 0.37421875 0.3125 0.0203125 0.03046875
1 0.23125 0.396875 0.025 0.0390625
1 0.375 0.3140625 0.01953125 0.03125
1 0.2328125 0.31953125 0.01953125 0.028125
1 0.4140625 0.35 0.01875 0.0328125
1 0.2328125 0.44296875 0.0265625 0.0453125
1 0.3015625 0.34453125 0.0140625 0.025
1 0.1640625 0.38125 0.025 0.03984375