1 0.71640625 0.46796875 0.0296875 0.053125
1 0.37578125 0.30859375 0.0203125 0.03359375
1 0.24765625 0.34296875 0.0203125 0.0359375
1 0.2078125 0.475 0.03125 0.05
1 0.33359375 0.3640625 0.0203125 0.0390625
1 0.315625 0.3609375 0.021875 0.0390625
1 0.69296875 0.38359375 0.0265625 0.04453125
1 0.77890625 0.2640625 0.0203125 0.03359375
1 0.9109375 0.134375 0.0125 0.01953125
1 0.3625 0.334375 0.01875 0.0359375
1 0.58359375 0.40546875 0.0265625 0.04453125
1 0.67734375 0.34140625 0.0234375 0.0390625
1 0.2078125 0.47421875 0.0296875 0.0515625
1 0.678125 0.34296875 0.0234375 0.0390625
1 0.9109375 0.1359375 0.0125 0.0203125
1 0.334375 0.36484375 0.02109375 0.0375
1 0.3765625 0.3078125 0.01953125 0.03515625