1 0.60703125 0.409375 0.0078125 0.01953125
1 0.1625 0.459375 0.01875 0.03046875
1 0.25625 0.4734375 0.01875 0.03046875
1 0.2828125 0.4875 0.01875 0.03046875
1 0.76875 0.590625 0.025 0.04140625
1 0.403125 0.4265625 0.0125 0.01953125
1 0.390625 0.48203125 0.01875 0.03046875
1 0.02421875 0.95546875 0.0484375 0.08359375
1 0.19921875 0.55859375 0.0234375 0.0390625
1 0.0375 0.58046875 0.025 0.04453125
1 0.425 0.425 0.015625 0.01640625
1 0.02421875 0.95625 0.046875 0.08515625
1 0.16328125 0.46171875 0.01875 0.03125
1 0.76953125 0.59140625 0.025 0.0421875