1 0.1109375 0.39609375 0.021875 0.04140625
1 0.2359375 0.3984375 0.021875 0.04140625
1 0.165625 0.4265625 0.021875 0.04140625
1 0.16171875 0.50703125 0.0296875 0.053125
1 0.18515625 0.43203125 0.0234375 0.04140625
1 0.56875 0.47109375 0.025 0.04140625
1 0.26796875 0.36796875 0.0203125 0.0359375
1 0.91875 0.23046875 0.0125 0.01640625
1 0.43125 0.4515625 0.03125 0.053125
1 0.55 0.4515625 0.021875 0.04140625
1 0.53671875 0.63046875 0.0359375 0.0609375
1 0.5609375 0.5109375 0.025 0.05
1 0.23671875 0.4 0.02265625 0.04140625
1 0.16171875 0.50859375 0.03125 0.053125
1 0.26875 0.36953125 0.021875 0.03671875
1 0.43125 0.45234375 0.03125 0.053125