1 0.45390625 0.5859375 0.0359375 0.0609375
1 0.42421875 0.553125 0.0265625 0.05
1 0.44765625 0.51953125 0.0453125 0.078125
1 0.38828125 0.52109375 0.0421875 0.04140625
1 0.5484375 0.66796875 0.025 0.06953125
1 0.49453125 0.596875 0.0546875 0.071875
1 0.490625 0.54140625 0.05 0.0609375
1 0.47734375 0.4984375 0.0265625 0.04140625
1 0.52421875 0.50390625 0.0453125 0.06953125
1 0.5296875 0.49296875 0.0375 0.046875
1 0.43828125 0.6015625 0.0421875 0.046875
1 0.51875 0.5125 0.0375 0.053125
1 0.42265625 0.5515625 0.025 0.0515625
1 0.47578125 0.4984375 0.02734375 0.04453125
1 0.54921875 0.66953125 0.02578125 0.0703125
1 0.43671875 0.60078125 0.03828125 0.04921875