1 0.2046875 0.37890625 0.021875 0.03046875
1 0.76875 0.390625 0.025 0.04140625
1 0.31171875 0.3875 0.0203125 0.025
1 0.76015625 0.49453125 0.0328125 0.05546875
1 0.2734375 0.42109375 0.03125 0.046875
1 0.4671875 0.371875 0.01875 0.03359375
1 0.46015625 0.4265625 0.0234375 0.04140625
1 0.5546875 0.3390625 0.01875 0.03359375
1 0.5546875 0.33984375 0.01875 0.03125
1 0.4609375 0.4265625 0.02265625 0.04375
1 0.3125 0.3890625 0.01953125 0.025
1 0.76015625 0.49296875 0.034375 0.05859375
1 0.2046875 0.3796875 0.02109375 0.03125
1 0.46796875 0.37265625 0.0203125 0.034375