1 0.45625 0.54609375 0.040625 0.053125
1 0.44453125 0.578125 0.0453125 0.0609375
1 0.37265625 0.4515625 0.0484375 0.0859375
1 0.41875 0.54140625 0.03125 0.05546875
1 0.44375 0.5125 0.03125 0.04140625
1 0.5109375 0.5015625 0.040625 0.075
1 0.55390625 0.65546875 0.0265625 0.071875
1 0.49453125 0.58359375 0.0546875 0.06640625
1 0.48046875 0.203125 0.0671875 0.121875
1 0.3734375 0.4515625 0.04921875 0.08671875
1 0.41796875 0.54140625 0.03125 0.059375
1 0.553125 0.65546875 0.0265625 0.07578125
1 0.4953125 0.58515625 0.05703125 0.075