1 0.82578125 0.2640625 0.0203125 0.028125
1 0.42578125 0.2359375 0.0140625 0.0109375
1 0.97734375 0.30859375 0.0203125 0.03359375
1 0.2421875 0.2484375 0.01875 0.03046875
1 0.171875 0.26953125 0.01875 0.03359375
1 0.49140625 0.40703125 0.0328125 0.05859375
1 0.42578125 0.25546875 0.0171875 0.028125
1 0.978125 0.30859375 0.021875 0.034375
1 0.4265625 0.25625 0.01796875 0.03125
1 0.24296875 0.25 0.01875 0.03203125
1 0.8265625 0.265625 0.02109375 0.03125
1 0.4921875 0.4078125 0.03359375 0.0578125
1 0.4265625 0.2421875 0.01484375 0.0234375
1 0.171875 0.271875 0.0203125 0.0359375