1 0.77421875 0.3265625 0.0140625 0.025
1 0.48515625 0.3765625 0.0203125 0.025
1 0.315625 0.3875 0.015625 0.025
1 0.57109375 0.371875 0.0203125 0.03359375
1 0.0953125 0.4515625 0.021875 0.0359375
1 0.50859375 0.40390625 0.0109375 0.03046875
1 0.2609375 0.45546875 0.01875 0.03359375
1 0.2453125 0.41796875 0.01875 0.03046875
1 0.615625 0.371875 0.01875 0.028125
1 0.775 0.32734375 0.01484375 0.0265625
1 0.61640625 0.371875 0.0171875 0.02734375
1 0.4859375 0.3765625 0.01875 0.02578125
1 0.57109375 0.37109375 0.01953125 0.034375