1 0.46171875 0.12890625 0.0234375 0.096875
1 0.94609375 0.8765625 0.1046875 0.24140625
1 0.38359375 0.02109375 0.0265625 0.04140625
1 0.425 0.83359375 0.1125 0.1390625
1 0.621875 0.603125 0.1 0.16640625
1 0.58984375 0.73203125 0.1078125 0.19140625
1 0.5421875 0.8640625 0.115625 0.21640625
1 0.565625 0.121875 0.053125 0.09453125
1 0.4265625 0.83671875 0.1125 0.15
1 0.4625 0.13046875 0.025 0.09765625
1 0.54296875 0.8640625 0.1203125 0.21328125
1 0.384375 0.02265625 0.02890625 0.04375
1 0.565625 0.1234375 0.05234375 0.09765625