1 0.97578125 0.203125 0.0234375 0.03359375
1 0.69140625 0.2125 0.0203125 0.0359375
1 0.50703125 0.4875 0.0359375 0.05859375
1 0.47578125 0.35 0.0265625 0.04453125
1 0.48515625 0.5125 0.0390625 0.053125
1 0.76171875 0.19140625 0.0234375 0.03359375
1 0.47578125 0.35078125 0.02734375 0.04765625
1 0.7625 0.19140625 0.021875 0.03359375
1 0.97578125 0.203125 0.02265625 0.0375
1 0.50703125 0.4875 0.0390625 0.05703125
1 0.484375 0.51328125 0.0390625 0.05859375
1 0.6921875 0.21015625 0.0203125 0.0359375
1 0.4625 0.5234375 0.034375 0.04765625
1 0.97734375 0.18203125 0.01875 0.02578125
1 0.54765625 0.18046875 0.021875 0.0375