1 0.4546875 0.3765625 0.01875 0.03046875
1 0.390625 0.43046875 0.015625 0.028125
1 0.396875 0.49609375 0.021875 0.04140625
1 0.3140625 0.3765625 0.01875 0.01953125
1 0.06640625 0.465625 0.0203125 0.0359375
1 0.51171875 0.5625 0.0265625 0.04140625
1 0.29453125 0.4234375 0.0203125 0.025
1 0.58515625 0.52890625 0.0171875 0.046875
1 0.54375 0.47109375 0.021875 0.04140625
1 0.4640625 0.359375 0.01875 0.03046875
1 0.59140625 0.396875 0.0203125 0.03359375
1 0.465625 0.36328125 0.0171875 0.03203125
1 0.45546875 0.37734375 0.01796875 0.03203125
1 0.58671875 0.53125 0.01953125 0.04921875
1 0.59140625 0.396875 0.01953125 0.03359375