1 0.396875 0.365625 0.059375 0.103125
1 0.496875 0.9265625 0.090625 0.14140625
1 0.3390625 0.38046875 0.065625 0.1109375
1 0.45078125 0.378125 0.0640625 0.09453125
1 0.51484375 0.35546875 0.0640625 0.078125
1 0.39765625 0.36875 0.0609375 0.1078125
1 0.496875 0.9265625 0.090625 0.14453125
1 0.33828125 0.38125 0.0640625 0.115625
1 0.51640625 0.3578125 0.0640625 0.08359375
1 0.45234375 0.37734375 0.065625 0.10390625
1 0.62890625 0.478125 0.06171875 0.08359375
1 0.49765625 0.3703125 0.0328125 0.0515625