1 0.4328125 0.35546875 0.096875 0.178125
1 0.61328125 0.6140625 0.1046875 0.09453125
1 0.340625 0.40390625 0.109375 0.175
1 0.3390625 0.2625 0.1 0.1359375
1 0.24140625 0.3484375 0.1140625 0.1859375
1 0.534375 0.4515625 0.11875 0.21953125
1 0.50546875 0.234375 0.1015625 0.19140625
1 0.6140625 0.61640625 0.1046875 0.1
1 0.33984375 0.26640625 0.1015625 0.14140625
1 0.34296875 0.4078125 0.11171875 0.17265625
1 0.53515625 0.45078125 0.11875 0.21796875
1 0.50625 0.23515625 0.103125 0.18984375
1 0.240625 0.3484375 0.1140625 0.18671875
1 0.434375 0.3546875 0.09765625 0.1796875
1 0.61640625 0.75234375 0.0828125 0.0953125
1 0.28828125 0.31484375 0.0265625 0.08984375
1 0.259375 0.25234375 0.0265625 0.03046875
1 0.34765625 0.33046875 0.071875 0.040625
1 0.30390625 0.265625 0.03125 0.115625
1 0.30546875 0.4 0.03984375 0.13125
1 0.41796875 0.30390625 0.0609375 0.0859375