1 0.434375 0.5859375 0.053125 0.0890625
1 0.47734375 0.465625 0.0453125 0.08046875
1 0.44453125 0.5109375 0.0484375 0.08359375
1 0.4796875 0.55546875 0.0375 0.078125
1 0.53515625 0.465625 0.0421875 0.075
1 0.40390625 0.54296875 0.0390625 0.0859375
1 0.36328125 0.503125 0.0484375 0.06640625
1 0.50703125 0.51640625 0.0421875 0.06640625
1 0.49921875 0.44453125 0.0359375 0.071875
1 0.40625 0.5453125 0.040625 0.0859375
1 0.48125 0.55546875 0.0390625 0.08046875
1 0.49921875 0.4453125 0.0375 0.07109375
1 0.3640625 0.5046875 0.04921875 0.0703125