1 0.32421875 0.5 0.0171875 0.028125
1 0.4 0.43203125 0.01875 0.03046875
1 0.2453125 0.4390625 0.01875 0.021875
1 0.51875 0.609375 0.01875 0.046875
1 0.33046875 0.56796875 0.0234375 0.046875
1 0.38984375 0.446875 0.0171875 0.03359375
1 0.2265625 0.4890625 0.01875 0.028125
1 0.95390625 0.34453125 0.0109375 0.01640625
1 0.44375 0.6390625 0.025 0.04453125
1 0.478125 0.5484375 0.021875 0.04140625
1 0.525 0.475 0.01875 0.03359375
1 0.95546875 0.34453125 0.0109375 0.01796875
1 0.52578125 0.47578125 0.01953125 0.03359375
1 0.33125 0.56796875 0.0234375 0.0453125
1 0.390625 0.446875 0.01640625 0.03125
1 0.40078125 0.434375 0.01640625 0.02890625
1 0.44453125 0.64140625 0.0265625 0.04765625
1 0.47890625 0.54921875 0.0234375 0.04296875
1 0.5203125 0.6109375 0.02109375 0.04765625
1 0.246875 0.4421875 0.0203125 0.025
1 0.325 0.5015625 0.0171875 0.028125
1 0.22734375 0.490625 0.02109375 0.03046875