1 0.32421875 0.5 0.0171875 0.028125
1 0.4 0.43203125 0.01875 0.03046875
1 0.2453125 0.4390625 0.01875 0.021875
1 0.51875 0.609375 0.01875 0.046875
1 0.33046875 0.56796875 0.0234375 0.046875
1 0.38984375 0.446875 0.0171875 0.03359375
1 0.2265625 0.4890625 0.01875 0.028125
1 0.95390625 0.34453125 0.0109375 0.01640625
1 0.44375 0.6390625 0.025 0.04453125
1 0.478125 0.5484375 0.021875 0.04140625
1 0.525 0.475 0.01875 0.03359375
1 0.52578125 0.4765625 0.0203125 0.0359375
1 0.33046875 0.56796875 0.0234375 0.04609375
1 0.5203125 0.6109375 0.02109375 0.0484375