1 0.3859375 0.56953125 0.025 0.0390625
1 0.328125 0.45546875 0.01875 0.03359375
1 0.509375 0.6390625 0.009375 0.028125
1 0.41328125 0.66953125 0.0296875 0.05546875
1 0.44375 0.4875 0.01875 0.0359375
1 0.309375 0.47109375 0.01875 0.03046875
1 0.32890625 0.45703125 0.01796875 0.03125
1 0.309375 0.471875 0.01953125 0.03359375
1 0.41328125 0.66953125 0.0296875 0.053125
1 0.38671875 0.5703125 0.025 0.040625
1 0.5125 0.64140625 0.00859375 0.0359375
1 0.44375 0.4875 0.0203125 0.03515625
1 0.21484375 0.52578125 0.01875 0.03359375
1 0.49296875 0.63203125 0.01796875 0.0515625
1 0.22265625 0.60703125 0.00859375 0.02734375
1 0.38125 0.66171875 0.028125 0.01953125
1 0.99609375 0.57109375 0.0078125 0.04140625
1 0.21015625 0.534375 0.01328125 0.02109375