1 0.85859375 0.409375 0.0171875 0.025
1 0.65234375 0.425 0.0171875 0.028125
1 0.8453125 0.43359375 0.01875 0.028125
1 0.1015625 0.39296875 0.01875 0.025
1 0.096875 0.4125 0.021875 0.03046875
1 0.725 0.39609375 0.015625 0.025
1 0.584375 0.5609375 0.025 0.04453125
1 0.79453125 0.41953125 0.0171875 0.028125
1 0.72421875 0.39765625 0.0171875 0.028125
1 0.10234375 0.39375 0.01953125 0.025
1 0.653125 0.42578125 0.01953125 0.03125
1 0.79453125 0.41953125 0.01953125 0.0296875
1 0.86015625 0.409375 0.01796875 0.028125
1 0.58515625 0.5609375 0.02734375 0.04609375
1 0.8453125 0.43359375 0.01875 0.0296875
1 0.09765625 0.4125 0.021875 0.0328125
1 0.475 0.44375 0.0265625 0.04140625
1 0.996875 0.45546875 0.00546875 0.0296875