1 0.43125 0.41953125 0.015625 0.028125
1 0.50703125 0.60703125 0.0171875 0.04140625
1 0.2546875 0.46640625 0.015625 0.021875
1 0.97578125 0.3265625 0.0140625 0.01953125
1 0.49296875 0.54296875 0.0234375 0.04140625
1 0.5515625 0.46640625 0.01875 0.03359375
1 0.41953125 0.434375 0.0171875 0.03046875
1 0.97734375 0.32734375 0.0125 0.02109375
1 0.25703125 0.4703125 0.015625 0.03125
1 0.43203125 0.42109375 0.01640625 0.03046875
1 0.553125 0.46640625 0.01953125 0.034375
1 0.51484375 0.61171875 0.03046875 0.05234375
1 0.4203125 0.43671875 0.0171875 0.0296875
1 0.29609375 0.4078125 0.01015625 0.02109375
1 0.43515625 0.63984375 0.03046875 0.05390625
1 0.52578125 0.6203125 0.01171875 0.0375