1 0.21015625 0.49609375 0.0234375 0.04140625
1 0.03046875 0.475 0.0265625 0.0390625
1 0.1578125 0.39140625 0.01875 0.028125
1 0.05078125 0.446875 0.0234375 0.03359375
1 0.37265625 0.53203125 0.0296875 0.046875
1 0.1578125 0.509375 0.021875 0.046875
1 0.440625 0.528125 0.015625 0.01640625
1 0.10078125 0.478125 0.0265625 0.04453125
1 0.253125 0.365625 0.01875 0.03046875
1 0.3734375 0.53359375 0.02890625 0.04765625
1 0.03046875 0.47578125 0.02421875 0.040625
1 0.15703125 0.5109375 0.02265625 0.0453125
1 0.253125 0.365625 0.01875 0.03046875