1 0.26015625 0.4265625 0.0171875 0.04140625
1 0.1421875 0.36953125 0.021875 0.0390625
1 0.30859375 0.4234375 0.0203125 0.04140625
1 0.2046875 0.3859375 0.025 0.0390625
1 0.26328125 0.3140625 0.0171875 0.021875
1 0.1578125 0.35 0.021875 0.03359375
1 0.98515625 0.3375 0.0140625 0.01953125
1 0.38515625 0.29609375 0.0203125 0.03046875
1 0.4078125 0.30859375 0.01875 0.01640625
1 0.3859375 0.29765625 0.02109375 0.034375
1 0.259375 0.4265625 0.01875 0.04375
1 0.159375 0.3515625 0.0234375 0.03828125
1 0.40703125 0.3078125 0.01953125 0.01796875
1 0.9875 0.33671875 0.01796875 0.0234375