1 0.03046875 0.3640625 0.0203125 0.028125
1 0.8140625 0.715625 0.034375 0.05859375
1 0.47734375 0.54453125 0.0296875 0.05546875
1 0.98671875 0.8 0.0234375 0.0609375
1 0.1640625 0.4109375 0.01875 0.028125
1 0.82734375 0.63203125 0.0296875 0.046875
1 0.45859375 0.5625 0.0296875 0.03046875
1 0.16484375 0.41171875 0.01953125 0.03125
1 0.98671875 0.80078125 0.02578125 0.06328125
1 0.8140625 0.715625 0.03515625 0.0578125
1 0.82734375 0.63359375 0.0296875 0.04921875
1 0.478125 0.54609375 0.03046875 0.05625
1 0.4578125 0.56484375 0.0296875 0.0296875
1 0.03125 0.36484375 0.0203125 0.0296875
1 0.24453125 0.36953125 0.015625 0.0234375
1 0.4140625 0.59453125 0.02890625 0.0453125