1 0.8328125 0.1984375 0.021875 0.03046875
1 0.69375 0.184375 0.015625 0.025
1 0.4953125 0.553125 0.034375 0.0609375
1 0.565625 0.171875 0.015625 0.01640625
1 0.86015625 0.25390625 0.0234375 0.0359375
1 0.55234375 0.1875 0.0140625 0.01953125
1 0.390625 0.2640625 0.01875 0.028125
1 0.62734375 0.19609375 0.0171875 0.025
1 0.47734375 0.259375 0.0203125 0.03046875
1 0.39140625 0.26484375 0.01875 0.0296875
1 0.69453125 0.1859375 0.01484375 0.02578125
1 0.56640625 0.1734375 0.015625 0.0203125
1 0.55234375 0.1875 0.0140625 0.02109375