1 0.896875 0.809375 0.10625 0.24140625
1 0.496875 0.82109375 0.115625 0.2140625
1 0.44140625 0.70390625 0.0859375 0.15859375
1 0.38046875 0.7890625 0.1109375 0.1109375
1 0.60703125 0.57109375 0.0984375 0.1640625
1 0.42578125 0.096875 0.0296875 0.1
1 0.578125 0.70546875 0.109375 0.19453125
1 0.51171875 0.615625 0.0984375 0.18046875
1 0.53203125 0.0890625 0.0515625 0.1
1 0.38125 0.790625 0.11015625 0.12265625
1 0.51328125 0.61484375 0.1 0.17890625
1 0.896875 0.80703125 0.10703125 0.2421875
1 0.58046875 0.7046875 0.11484375 0.19765625