1 0.03046875 0.3640625 0.0203125 0.028125
1 0.8140625 0.715625 0.034375 0.05859375
1 0.47734375 0.54453125 0.0296875 0.05546875
1 0.98671875 0.8 0.0234375 0.0609375
1 0.1640625 0.4109375 0.01875 0.028125
1 0.82734375 0.63203125 0.0296875 0.046875
1 0.45859375 0.5625 0.0296875 0.03046875
1 0.478125 0.546875 0.03046875 0.05703125
1 0.03125 0.36484375 0.01953125 0.03046875
1 0.16484375 0.4125 0.01953125 0.03125
1 0.8140625 0.71484375 0.03515625 0.05859375
1 0.459375 0.565625 0.028125 0.03125
1 0.98671875 0.796875 0.0265625 0.0609375
1 0.82734375 0.63359375 0.0296875 0.05
1 0.24375 0.36953125 0.015625 0.02421875
1 0.41484375 0.59296875 0.028125 0.04375
1 0.43828125 0.559375 0.01953125 0.02421875