1 0.39296875 0.39609375 0.0234375 0.04140625
1 0.4640625 0.33203125 0.01875 0.0359375
1 0.99375 0.5140625 0.0125 0.04453125
1 0.42578125 0.315625 0.0203125 0.04140625
1 0.34453125 0.29140625 0.0171875 0.03359375
1 0.24765625 0.396875 0.0140625 0.04453125
1 0.55234375 0.34453125 0.0203125 0.028125
1 0.26953125 0.8984375 0.0546875 0.096875
1 0.42734375 0.31640625 0.01953125 0.040625
1 0.46484375 0.33359375 0.01875 0.0359375
1 0.3453125 0.2921875 0.01875 0.03125
1 0.99140625 0.5109375 0.0140625 0.04296875
1 0.39375 0.39765625 0.0234375 0.04296875
1 0.26953125 0.9015625 0.05625 0.10078125