1 0.746875 0.871875 0.078125 0.13359375
1 0.83046875 0.84140625 0.0765625 0.128125
1 0.97734375 0.76953125 0.0421875 0.11640625
1 0.19765625 0.83203125 0.0734375 0.125
1 0.06640625 0.3484375 0.0453125 0.06953125
1 0.10859375 0.67109375 0.0640625 0.103125
1 0.42109375 0.93359375 0.0765625 0.128125
1 0.38359375 0.465625 0.0609375 0.103125
1 0.27890625 0.47109375 0.0609375 0.103125
1 0.83125 0.8421875 0.078125 0.12890625
1 0.109375 0.6734375 0.065625 0.10859375
1 0.2796875 0.471875 0.0578125 0.1046875
1 0.978125 0.76796875 0.04296875 0.11796875