3 0.028125 0.559375 0.05390625 0.14453125
3 0.096875 0.5875 0.05859375 0.11171875
3 0.22265625 0.525 0.05234375 0.103125
3 0.2875 0.434375 0.04375 0.07265625
3 0.31875 0.4140625 0.03125 0.05859375
3 0.3203125 0.4359375 0.03828125 0.08125
3 0.3609375 0.45234375 0.04453125 0.05859375
3 0.3671875 0.51796875 0.040625 0.09453125
3 0.4859375 0.4375 0.03046875 0.078125
3 0.5109375 0.40390625 0.028125 0.0671875
3 0.559375 0.53125 0.0625 0.09375
3 0.62578125 0.496875 0.03359375 0.06953125
3 0.75390625 0.5046875 0.04453125 0.0625
3 0.73671875 0.64453125 0.06640625 0.09765625
3 0.75390625 0.70625 0.05234375 0.09453125
3 0.88046875 0.63125 0.05546875 0.0828125
3 0.88828125 0.5859375 0.05078125 0.05859375