3 0.334375 0.4484375 0.34375 0.4546875 0.3484375 0.4625 0.3515625 0.475 0.35 0.496875 0.3453125 0.5109375 0.3375 0.5171875 0.321875 0.515625 0.3109375 0.49375 0.3109375 0.4734375 0.3140625 0.4609375 0.321875 0.45 0.3328125 0.4484375
3 0.7125 0.575 0.728125 0.590625 0.7328125 0.6046875 0.734375 0.6203125 0.7328125 0.6234375 0.7234375 0.6203125 0.7125 0.6234375 0.7015625 0.6375 0.696875 0.6515625 0.6921875 0.6484375 0.6875 0.6359375 0.6859375 0.6046875 0.6890625 0.5921875 0.6953125 0.5828125 0.7 0.578125 0.7109375 0.575
3 0.728125 0.428125 0.7375 0.4390625 0.740625 0.45 0.7390625 0.4734375 0.734375 0.484375 0.7296875 0.4875 0.7140625 0.4859375 0.70625 0.465625 0.70625 0.4515625 0.7109375 0.4359375 0.71875 0.428125 0.7265625 0.428125
3 0.3234375 0.3921875 0.3328125 0.4 0.3375 0.415625 0.3375 0.4296875 0.3328125 0.4453125 0.3171875 0.453125 0.3125 0.453125 0.303125 0.4390625 0.3015625 0.4125 0.30625 0.4 0.3140625 0.3921875 0.321875 0.3921875
3 0.26875 0.359375 0.2796875 0.3578125 0.2875 0.3625 0.290625 0.3703125 0.290625 0.375 0.278125 0.3765625 0.2640625 0.3953125 0.2609375 0.3703125 0.2640625 0.3640625 0.26875 0.3609375
3 0.0390625 0.565625 0.059375 0.090625
3 0.853125 0.58515625 0.04765625 0.0765625
3 0.18125 0.453125 0.1859375 0.45625 0.19375 0.4671875 0.196875 0.4796875 0.196875 0.4984375 0.19375 0.5109375 0.1875 0.521875 0.175 0.5265625 0.1640625 0.5234375 0.1546875 0.509375 0.1515625 0.4984375 0.1515625 0.4796875 0.1578125 0.4625 0.1671875 0.453125 0.1703125 0.4515625 0.1796875 0.453125
3 0.290625 0.3734375 0.2953125 0.378125 0.3 0.390625 0.2984375 0.4078125 0.2875 0.3859375 0.2703125 0.3921875 0.265625 0.396875 0.265625 0.4 0.265625 0.390625 0.2703125 0.3859375 0.275 0.375 0.2890625 0.3734375
3 0.7265625 0.621875 0.734375 0.625 0.74375 0.6375 0.75 0.6609375 0.75 0.678125 0.7421875 0.7046875 0.7375 0.7109375 0.728125 0.7140625 0.7171875 0.7125 0.709375 0.7078125 0.7015625 0.6953125 0.696875 0.6734375 0.696875 0.659375 0.7015625 0.6390625 0.7125 0.625 0.7171875 0.621875 0.725 0.621875
3 0.246875 0.3640625 0.259375 0.375 0.2625 0.384375 0.2609375 0.4078125 0.253125 0.4234375 0.2390625 0.4234375 0.234375 0.41875 0.228125 0.403125 0.2296875 0.3765625 0.240625 0.3640625 0.2453125 0.3640625
3 0.8609375 0.51875 0.871875 0.528125 0.878125 0.5421875 0.8765625 0.575 0.871875 0.5625 0.8609375 0.5484375 0.846875 0.546875 0.8359375 0.5515625 0.8359375 0.5390625 0.840625 0.528125 0.8484375 0.5203125 0.859375 0.51875
3 0.4546875 0.3703125 0.4625 0.375 0.4671875 0.3859375 0.4671875 0.4046875 0.4625 0.421875 0.4578125 0.425 0.4453125 0.4234375 0.4375 0.4078125 0.4390625 0.3796875 0.4453125 0.371875 0.453125 0.3703125
3 0.5203125 0.5234375 0.515625 0.515625 0.5109375 0.5 0.5109375 0.4828125 0.515625 0.465625 0.525 0.4578125 0.5359375 0.4578125 0.54375 0.465625 0.5484375 0.4796875 0.5484375 0.5015625 0.540625 0.5234375 0.5328125 0.5265625 0.521875 0.5234375
3 0.4828125 0.3375 0.490625 0.35625 0.4890625 0.371875 0.484375 0.3859375 0.4703125 0.3859375 0.465625 0.3796875 0.4625 0.3671875 0.4625 0.3515625 0.4671875 0.340625 0.475 0.3359375 0.48125 0.3375
3 0.5953125 0.4265625 0.6 0.428125 0.60625 0.434375 0.6125 0.45 0.6125 0.4671875 0.60625 0.4859375 0.6 0.490625 0.5875 0.4890625 0.5828125 0.484375 0.578125 0.4703125 0.578125 0.446875 0.58125 0.4375 0.5875 0.4296875 0.59375 0.428125
3 0.2875 0.38125 0.296875 0.4 0.2984375 0.421875 0.2921875 0.440625 0.2859375 0.4453125 0.2765625 0.4453125 0.271875 0.4421875 0.2671875 0.4359375 0.2625 0.41875 0.2640625 0.4 0.2671875 0.39375 0.275 0.384375 0.2859375 0.38125