3 0.07734375 0.790625 0.15078125 0.3109375
3 0.209375 0.34609375 0.06171875 0.0953125
3 0.33046875 0.36875 0.07265625 0.11328125
3 0.32265625 0.3125 0.03359375 0.06015625
3 0.4 0.30546875 0.04140625 0.078125
3 0.53359375 0.30625 0.0578125 0.0921875
3 0.6375 0.33984375 0.0609375 0.10390625
3 0.67890625 0.40625 0.0703125 0.12109375
3 0.73984375 0.35 0.0640625 0.09296875
3 0.796875 0.490625 0.0984375 0.1640625
3 0.88984375 0.39296875 0.06796875 0.10234375
0 0.8109375 0.28515625 0.20078125 0.1015625