3 0.02421875 0.5609375 0.04765625 0.09765625
3 0.09140625 0.5625 0.05859375 0.08359375
3 0.2171875 0.50703125 0.04453125 0.07890625
3 0.2828125 0.425 0.04453125 0.04765625
3 0.3140625 0.4015625 0.03828125 0.03515625
3 0.31875 0.4375 0.03359375 0.0671875
3 0.3578125 0.45234375 0.046875 0.05859375
3 0.36640625 0.51171875 0.05234375 0.08828125
3 0.4875 0.440625 0.04140625 0.07890625
3 0.5078125 0.3953125 0.040625 0.06171875
3 0.55859375 0.5296875 0.05390625 0.07890625
3 0.62265625 0.503125 0.03984375 0.0875
3 0.7546875 0.5 0.04296875 0.07109375
3 0.73203125 0.6484375 0.05703125 0.084375
3 0.74296875 0.7078125 0.04921875 0.08125
3 0.88046875 0.63203125 0.04140625 0.0734375
3 0.88984375 0.5953125 0.05390625 0.05