3 0.7640625 0.5890625 0.08125 0.12265625
3 0.8359375 0.54140625 0.06484375 0.1171875
3 0.97890625 0.5515625 0.0421875 0.128125
3 0.6328125 0.4359375 0.06015625 0.09296875
3 0.64921875 0.378125 0.0484375 0.07734375
3 0.509375 0.55390625 0.075 0.11953125
3 0.4859375 0.45703125 0.0609375 0.1078125
3 0.4359375 0.4453125 0.05 0.0875
3 0.39140625 0.40703125 0.05546875 0.08671875
3 0.4328125 0.38046875 0.05546875 0.0703125
3 0.32109375 0.5359375 0.0921875 0.15
3 0.175 0.66484375 0.1 0.178125
3 0.08515625 0.6453125 0.08828125 0.15390625