3 0.39921875 0.40078125 0.1125 0.21015625
3 0.25234375 0.703125 0.15625 0.2984375
3 0.0765625 0.69296875 0.153125 0.3109375
3 0.384375 0.12109375 0.075 0.1703125
3 0.6359375 0.36328125 0.08359375 0.190625
3 0.91171875 0.37890625 0.0953125 0.165625
3 0.95234375 0.271875 0.0953125 0.134375
3 0.665625 0.0546875 0.08359375 0.109375
3 0.684375 0.13515625 0.0828125 0.15078125
3 0.5453125 0.203125 0.08984375 0.20625
3 0.46796875 0.17734375 0.0734375 0.15546875
3 0.4453125 0.1015625 0.07734375 0.14609375