3 0.03984375 0.56640625 0.06171875 0.1640625
3 0.17578125 0.49609375 0.0609375 0.1234375
3 0.24453125 0.39296875 0.03359375 0.0734375
3 0.27734375 0.36171875 0.04296875 0.04375
3 0.278125 0.4078125 0.04375 0.0703125
3 0.31953125 0.415625 0.03984375 0.06875
3 0.3296875 0.46953125 0.05703125 0.0921875
3 0.4546875 0.39921875 0.03828125 0.084375
3 0.47578125 0.35546875 0.02578125 0.0640625
3 0.52890625 0.48515625 0.03828125 0.06796875
3 0.59375 0.446875 0.03125 0.08125
3 0.72265625 0.44375 0.05078125 0.06875
3 0.71640625 0.58671875 0.07109375 0.0609375
3 0.7265625 0.65078125 0.06328125 0.121875
3 0.8578125 0.57265625 0.04921875 0.09921875
3 0.86171875 0.52109375 0.0453125 0.040625