3 0.6390625 0.3171875 0.65 0.3265625 0.653125 0.3328125 0.65625 0.3421875 0.65625 0.365625 0.6484375 0.3859375 0.64375 0.3921875 0.6375 0.39375 0.6265625 0.3921875 0.6234375 0.3890625 0.615625 0.3703125 0.6140625 0.359375 0.615625 0.3375 0.6203125 0.3265625 0.6265625 0.3203125 0.6375 0.3171875
3 0.215625 0.3078125 0.225 0.315625 0.2328125 0.334375 0.2328125 0.359375 0.228125 0.3734375 0.2203125 0.3828125 0.215625 0.384375 0.2015625 0.3828125 0.19375 0.3734375 0.1875 0.3578125 0.1875 0.3328125 0.1921875 0.31875 0.203125 0.3078125 0.2140625 0.3078125
3 0.3265625 0.2828125 0.3359375 0.290625 0.340625 0.3 0.3421875 0.3171875 0.3390625 0.328125 0.3265625 0.328125 0.3140625 0.3375 0.3109375 0.334375 0.30625 0.3203125 0.30625 0.30625 0.3125 0.2875 0.3203125 0.2828125 0.325 0.2828125
3 0.3390625 0.33125 0.346875 0.3375 0.3546875 0.353125 0.35625 0.3875 0.346875 0.4109375 0.3359375 0.4171875 0.325 0.4171875 0.315625 0.409375 0.3078125 0.390625 0.30625 0.3625 0.309375 0.35 0.315625 0.3375 0.328125 0.3296875 0.3375 0.33125
3 0.80625 0.4375 0.8234375 0.4546875 0.8328125 0.4765625 0.8359375 0.49375 0.8359375 0.521875 0.83125 0.5421875 0.8140625 0.5703125 0.80625 0.575 0.78125 0.5734375 0.7671875 0.5609375 0.759375 0.5421875 0.753125 0.5125 0.7546875 0.4828125 0.759375 0.465625 0.765625 0.453125 0.7828125 0.4375 0.7890625 0.4359375 0.8046875 0.4375
3 0.0671875 0.653125 0.084375 0.6578125 0.096875 0.6640625 0.1109375 0.678125 0.125 0.7 0.1359375 0.7296875 0.1390625 0.7453125 0.140625 0.7875 0.1328125 0.834375 0.1234375 0.8609375 0.1109375 0.884375 0.0953125 0.9046875 0.0734375 0.9234375 0.0484375 0.9328125 0.0265625 0.9328125 0.003125 0.921875 0 0.890625 0 0.884375 0.003125 0.88125 0.0015625 0.878125 0.0015625 0.8390625 0 0.8375 0.0015625 0.825 0 0.8125 0.003125 0.8109375 0 0.7984375 0.0015625 0.784375 0 0.759375 0.003125 0.75625 0.0015625 0.75 0.003125 0.74375 0 0.734375 0.0015625 0.728125 0 0.725 0 0.6875 0.0109375 0.675 0.0265625 0.6625 0.03125 0.6625 0.0421875 0.65625 0.0546875 0.653125 0.065625 0.653125
3 0.675 0.3578125 0.6875 0.3625 0.696875 0.375 0.703125 0.4015625 0.7 0.4296875 0.6859375 0.4546875 0.6796875 0.4578125 0.671875 0.4578125 0.6609375 0.453125 0.65625 0.4484375 0.65 0.43125 0.646875 0.4140625 0.646875 0.39375 0.653125 0.375 0.6625 0.3625 0.6734375 0.359375
3 0.396875 0.2796875 0.4046875 0.290625 0.40625 0.315625 0.4 0.3328125 0.39375 0.3359375 0.3828125 0.3328125 0.3796875 0.328125 0.3765625 0.3203125 0.375 0.303125 0.38125 0.2828125 0.3890625 0.278125 0.3953125 0.2796875
3 0.896875 0.3578125 0.9078125 0.3640625 0.9171875 0.3796875 0.9203125 0.3921875 0.9203125 0.4109375 0.9140625 0.4328125 0.90625 0.4453125 0.9 0.45 0.878125 0.4484375 0.8734375 0.44375 0.8625 0.4171875 0.8625 0.39375 0.86875 0.375 0.8734375 0.3671875 0.8828125 0.359375 0.8953125 0.3578125
3 0.5390625 0.2875 0.55 0.303125 0.553125 0.325 0.5515625 0.3359375 0.546875 0.346875 0.5375 0.353125 0.5328125 0.353125 0.525 0.3484375 0.51875 0.3296875 0.5203125 0.3015625 0.5265625 0.2890625 0.5375 0.2875
3 0.7390625 0.31875 0.746875 0.3265625 0.7515625 0.3375 0.753125 0.3609375 0.7484375 0.378125 0.74375 0.3859375 0.7375 0.390625 0.725 0.390625 0.71875 0.3859375 0.7109375 0.3609375 0.7109375 0.3453125 0.7171875 0.3265625 0.728125 0.3171875 0.7375 0.31875