3 0.11640625 0.76171875 0.17578125 0.28515625
3 0.26015625 0.340625 0.05625 0.0890625
3 0.36875 0.3703125 0.05859375 0.096875
3 0.36640625 0.29921875 0.0453125 0.0703125
3 0.43828125 0.2921875 0.04609375 0.07578125
3 0.57109375 0.31015625 0.05390625 0.08046875
3 0.67265625 0.3484375 0.05703125 0.09296875
3 0.7171875 0.40234375 0.0640625 0.096875
3 0.775 0.33828125 0.05859375 0.0921875
3 0.84140625 0.49609375 0.1046875 0.1734375
3 0.93828125 0.39765625 0.0734375 0.103125
0 0.85625 0.2828125 0.2125 0.096875