3 0.02734375 0.571875 0.05390625 0.11953125
3 0.09296875 0.584375 0.05546875 0.1109375
3 0.22109375 0.5109375 0.04921875 0.0640625
3 0.284375 0.42734375 0.04765625 0.07578125
3 0.31796875 0.40625 0.03515625 0.04375
3 0.31875 0.43515625 0.04140625 0.090625
3 0.35625 0.44453125 0.05234375 0.08671875
3 0.37265625 0.51953125 0.05078125 0.0984375
3 0.48671875 0.43984375 0.03515625 0.06640625
3 0.51015625 0.4015625 0.02578125 0.06796875
3 0.5609375 0.5296875 0.04453125 0.1125
3 0.628125 0.49453125 0.0375 0.07109375
3 0.7546875 0.5015625 0.03828125 0.1015625
3 0.73984375 0.65 0.07265625 0.08671875
3 0.74921875 0.7046875 0.07421875 0.0953125
3 0.8859375 0.625 0.059375 0.0875
3 0.8890625 0.5859375 0.04921875 0.08125