3 0.6359375 0.35390625 0.04453125 0.078125
3 0.21015625 0.3484375 0.0484375 0.078125
3 0.328125 0.2859375 0.3359375 0.2921875 0.340625 0.303125 0.3421875 0.3171875 0.3390625 0.33125 0.325 0.33125 0.3140625 0.340625 0.309375 0.3328125 0.30625 0.3203125 0.3078125 0.3 0.3140625 0.2875 0.3265625 0.2859375
3 0.340625 0.334375 0.35 0.34375 0.3546875 0.3546875 0.35625 0.3890625 0.3484375 0.4109375 0.3390625 0.41875 0.3234375 0.41875 0.315625 0.4109375 0.30625 0.384375 0.30625 0.365625 0.3125 0.3453125 0.3203125 0.3359375 0.3265625 0.3328125 0.3390625 0.334375
3 0.8015625 0.4328125 0.8125 0.4375 0.8171875 0.4421875 0.83125 0.465625 0.8359375 0.484375 0.8375 0.5109375 0.834375 0.53125 0.8265625 0.55 0.8140625 0.56875 0.8 0.5734375 0.7859375 0.571875 0.7703125 0.5609375 0.7625 0.5453125 0.7546875 0.515625 0.7546875 0.484375 0.7640625 0.4546875 0.778125 0.4375 0.7890625 0.4328125 0.8 0.4328125
3 0.4046875 0.2828125 0.4140625 0.2890625 0.4203125 0.309375 0.4171875 0.33125 0.4125 0.3390625 0.4078125 0.3421875 0.3953125 0.340625 0.390625 0.3359375 0.3875 0.321875 0.3890625 0.29375 0.3921875 0.2875 0.403125 0.2828125
3 0.078125 0.6609375 0.0953125 0.6671875 0.109375 0.6796875 0.11875 0.690625 0.121875 0.6984375 0.125 0.7 0.1359375 0.7296875 0.140625 0.75 0.1421875 0.7984375 0.1359375 0.8359375 0.128125 0.859375 0.1078125 0.896875 0.1015625 0.903125 0.1 0.9078125 0.0828125 0.9234375 0.0796875 0.9234375 0.0640625 0.934375 0.05 0.9375 0.0203125 0.9359375 0.00625 0.9296875 0.003125 0.925 0.003125 0.9046875 0.0015625 0.903125 0.0015625 0.8859375 0.003125 0.884375 0.0015625 0.88125 0.003125 0.8671875 0.0015625 0.8625 0.003125 0.85625 0.0015625 0.8515625 0.003125 0.8421875 0.0015625 0.8359375 0.003125 0.83125 0.0015625 0.825 0.003125 0.7515625 0.0015625 0.7484375 0.003125 0.74375 0 0.7359375 0 0.7125 0.0015625 0.7109375 0 0.6953125 0.0046875 0.6875 0.01875 0.675 0.0390625 0.6625 0.046875 0.6625 0.0546875 0.659375 0.0765625 0.6609375
3 0.6765625 0.35625 0.6890625 0.3625 0.69375 0.36875 0.6984375 0.3765625 0.703125 0.396875 0.703125 0.4140625 0.6984375 0.4328125 0.6921875 0.4453125 0.68125 0.4546875 0.6703125 0.4546875 0.6578125 0.4484375 0.6515625 0.434375 0.646875 0.4109375 0.6484375 0.3875 0.6578125 0.365625 0.665625 0.359375 0.675 0.35625
3 0.9015625 0.3546875 0.9140625 0.3671875 0.9203125 0.3859375 0.91875 0.4171875 0.9125 0.4328125 0.9015625 0.446875 0.8859375 0.446875 0.8734375 0.4390625 0.86875 0.425 0.865625 0.421875 0.8625 0.40625 0.8640625 0.3859375 0.871875 0.365625 0.8828125 0.3546875 0.8875 0.353125 0.9 0.3546875
3 0.525 0.3484375 0.51875 0.328125 0.51875 0.309375 0.5203125 0.3015625 0.5296875 0.2875 0.5375 0.2875 0.55 0.3015625 0.553125 0.3125 0.553125 0.3234375 0.546875 0.346875 0.5421875 0.3515625 0.534375 0.353125 0.5265625 0.3484375
3 0.7375 0.315625 0.7453125 0.321875 0.75 0.3296875 0.753125 0.3421875 0.753125 0.359375 0.75 0.371875 0.7421875 0.3859375 0.7328125 0.3890625 0.721875 0.3859375 0.71875 0.3828125 0.7125 0.36875 0.7109375 0.3453125 0.7140625 0.33125 0.7203125 0.3203125 0.7296875 0.3140625 0.7359375 0.315625