0 0.89609375 0.25546875 0.2078125 0.1671875
3 0.74921875 0.46875 0.0546875 0.10703125
3 0.69375 0.4234375 0.05703125 0.11171875
3 0.55703125 0.4515625 0.06015625 0.12109375
3 0.46171875 0.39375 0.059375 0.10390625
3 0.36875 0.4515625 0.05859375 0.08984375
3 0.3796875 0.49921875 0.05390625 0.1
3 0.34296875 0.57734375 0.05859375 0.10234375
3 0.29140625 0.56796875 0.0625 0.09921875
3 0.3296875 0.50546875 0.05234375 0.0578125
3 0.2234375 0.42578125 0.06484375 0.10390625
3 0.075 0.4609375 0.05859375 0.103125
3 0.24140625 0.2734375 0.04375 0.065625
3 0.29609375 0.3140625 0.0484375 0.0828125
3 0.378125 0.325 0.0421875 0.1015625
3 0.4765625 0.2296875 0.0421875 0.0734375
3 0.4421875 0.23671875 0.03828125 0.071875
3 0.36875 0.21796875 0.03828125 0.078125
3 0.334375 0.2234375 0.03671875 0.0734375