3 0.2078125 0.79375 0.11640625 0.1625
3 0.52109375 0.87734375 0.115625 0.18671875
3 0.04609375 0.690625 0.0921875 0.12734375
3 0.1953125 0.60390625 0.0875 0.11171875
3 0.18984375 0.54453125 0.07890625 0.09296875
3 0.27421875 0.56953125 0.078125 0.11015625
3 0.3390625 0.53828125 0.07578125 0.09921875
3 0.38125 0.51015625 0.07109375 0.09140625
3 0.421875 0.48984375 0.05234375 0.06953125
3 0.4859375 0.53828125 0.05625 0.07890625
3 0.4734375 0.465625 0.0515625 0.05703125
3 0.5390625 0.51640625 0.05546875 0.07890625
3 0.534375 0.44609375 0.03828125 0.06171875
3 0.5671875 0.4453125 0.02578125 0.05625