3 0.05234375 0.78828125 0.0953125 0.12421875
3 0.28359375 0.78046875 0.09375 0.14375
3 0.3265625 0.628125 0.0625 0.1171875
3 0.30625 0.51953125 0.04375 0.078125
3 0.38671875 0.525 0.034375 0.06953125
3 0.57421875 0.64375 0.06015625 0.1125
3 0.5265625 0.52890625 0.0359375 0.08125
3 0.56171875 0.5453125 0.04609375 0.0703125
3 0.571875 0.48671875 0.03671875 0.0515625
3 0.63984375 0.53984375 0.0484375 0.05546875
3 0.69453125 0.52890625 0.04921875 0.065625
3 0.7390625 0.58359375 0.05859375 0.0828125
3 0.78828125 0.5203125 0.04765625 0.07578125
3 0.81953125 0.59609375 0.05859375 0.09296875
3 0.83359375 0.6796875 0.06484375 0.10390625
3 0.89375 0.67265625 0.07109375 0.07890625
3 0.8546875 0.5375 0.04453125 0.06171875
3 0.8671875 0.50859375 0.0375 0.0484375
3 0.9875 0.54609375 0.025 0.09140625
3 0.99140625 0.68203125 0.0171875 0.11953125