3 0.3625 0.83828125 0.06640625 0.1234375
3 0.31328125 0.95546875 0.1 0.0890625
3 0.0859375 0.95703125 0.109375 0.0859375
3 0.33828125 0.71875 0.05078125 0.0796875
3 0.61015625 0.8421875 0.065625 0.1125
3 0.7796875 0.78359375 0.05859375 0.10234375
3 0.73046875 0.7234375 0.05859375 0.0890625
3 0.6734375 0.73046875 0.05234375 0.07890625
3 0.59296875 0.7421875 0.05 0.07421875
3 0.60546875 0.6796875 0.05234375 0.06875
3 0.82734375 0.71796875 0.05625 0.09375
3 0.86484375 0.78515625 0.07578125 0.109375
3 0.9 0.73515625 0.05078125 0.08046875
3 0.88046875 0.884375 0.07109375 0.12890625
3 0.9515625 0.8828125 0.08828125 0.078125