3 0.640625 0.325 0.6484375 0.3296875 0.65625 0.3421875 0.659375 0.3578125 0.659375 0.3734375 0.6515625 0.3875 0.6484375 0.3984375 0.6375 0.4015625 0.6265625 0.3984375 0.6234375 0.3953125 0.6171875 0.375 0.6171875 0.35 0.6203125 0.3390625 0.6265625 0.3296875 0.634375 0.325 0.6390625 0.325
3 0.334375 0.3828125 0.05234375 0.0875
3 0.8046875 0.4453125 0.8140625 0.45 0.825 0.4625 0.834375 0.4828125 0.8390625 0.5140625 0.8375 0.5359375 0.8328125 0.553125 0.8171875 0.5796875 0.809375 0.584375 0.7875 0.5828125 0.7703125 0.56875 0.7609375 0.5484375 0.75625 0.5296875 0.75625 0.496875 0.765625 0.4671875 0.7796875 0.45 0.7890625 0.4453125 0.803125 0.4453125
3 0.33125 0.2921875 0.3390625 0.3 0.34375 0.3125 0.3421875 0.334375 0.3265625 0.3375 0.3171875 0.3453125 0.3109375 0.3359375 0.309375 0.3109375 0.31875 0.2921875 0.3234375 0.290625 0.3296875 0.2921875
3 0.0828125 0.6671875 0.103125 0.678125 0.115625 0.690625 0.1234375 0.7015625 0.1296875 0.7140625 0.13125 0.7234375 0.134375 0.7265625 0.1390625 0.740625 0.14375 0.76875 0.14375 0.8 0.140625 0.8234375 0.1359375 0.8453125 0.1234375 0.878125 0.1046875 0.9078125 0.0953125 0.91875 0.06875 0.934375 0.05625 0.9359375 0.05 0.928125 0.046875 0.928125 0.0453125 0.9359375 0.040625 0.9375 0.0140625 0.9359375 0.00625 0.93125 0.003125 0.925 0.003125 0.8890625 0.0015625 0.8875 0.003125 0.8859375 0.003125 0.8609375 0 0.85625 0 0.8390625 0.003125 0.8296875 0 0.8078125 0.0015625 0.80625 0 0.7015625 0.0203125 0.68125 0.0421875 0.66875 0.0578125 0.6640625 0.06875 0.6640625 0.08125 0.6671875
3 0.2203125 0.3171875 0.228125 0.325 0.234375 0.3375 0.2359375 0.346875 0.234375 0.3734375 0.228125 0.3859375 0.221875 0.390625 0.20625 0.390625 0.2 0.3859375 0.1921875 0.371875 0.1890625 0.353125 0.1921875 0.3328125 0.1953125 0.3265625 0.2046875 0.3171875 0.209375 0.315625 0.21875 0.3171875
3 0.68125 0.3671875 0.6953125 0.378125 0.7 0.3875 0.7046875 0.4078125 0.7046875 0.425 0.7 0.44375 0.690625 0.4609375 0.6796875 0.465625 0.6703125 0.4640625 0.6609375 0.459375 0.6546875 0.446875 0.65 0.4296875 0.65 0.3984375 0.653125 0.3875 0.659375 0.3765625 0.6671875 0.36875 0.6796875 0.3671875
3 0.3859375 0.2875 0.3921875 0.2859375 0.4015625 0.2875 0.409375 0.303125 0.409375 0.3234375 0.4046875 0.3359375 0.396875 0.340625 0.3875 0.3390625 0.3796875 0.325 0.3796875 0.2984375 0.3859375 0.2890625
3 0.903125 0.3671875 0.9125 0.375 0.9203125 0.390625 0.921875 0.4234375 0.915625 0.44375 0.9078125 0.4546875 0.9015625 0.459375 0.8859375 0.4578125 0.8796875 0.4546875 0.8734375 0.4484375 0.865625 0.4265625 0.865625 0.3984375 0.871875 0.38125 0.8828125 0.36875 0.8890625 0.365625 0.9015625 0.3671875
3 0.5421875 0.3046875 0.553125 0.3140625 0.5546875 0.3203125 0.553125 0.34375 0.54375 0.3609375 0.53125 0.3609375 0.5265625 0.35625 0.5203125 0.3359375 0.5203125 0.321875 0.525 0.30625 0.528125 0.303125 0.540625 0.3046875
3 0.734375 0.3625 0.0421875 0.075