3 0.08671875 0.778125 0.1671875 0.3328125
3 0.21328125 0.33984375 0.07734375 0.13515625
3 0.325 0.3109375 0.05 0.0734375
3 0.3359375 0.37109375 0.053125 0.11796875
3 0.409375 0.3046875 0.05546875 0.1078125
3 0.53515625 0.3234375 0.0609375 0.1109375
3 0.63359375 0.35859375 0.06171875 0.09765625
3 0.68203125 0.41171875 0.06875 0.14765625
3 0.7359375 0.35703125 0.05859375 0.1265625
3 0.79765625 0.50078125 0.0953125 0.20703125
3 0.8984375 0.41171875 0.08203125 0.11953125
0 0.81484375 0.290625 0.21171875 0.0921875