3 0.02578125 0.81015625 0.05078125 0.13984375
3 0.0640625 0.765625 0.053125 0.10703125
3 0.12265625 0.75546875 0.04609375 0.08203125
3 0.26484375 0.796875 0.06640625 0.125
3 0.29921875 0.73671875 0.04296875 0.071875
3 0.325 0.7265625 0.0375 0.084375
3 0.39921875 0.765625 0.0515625 0.0953125
3 0.35546875 0.92265625 0.1265625 0.1546875
3 0.4859375 0.84140625 0.08671875 0.15390625
3 0.65703125 0.7546875 0.0546875 0.0953125
3 0.73828125 0.78984375 0.06328125 0.1328125
3 0.8203125 0.7921875 0.06171875 0.12734375
3 0.8609375 0.80390625 0.071875 0.12890625
3 0.928125 0.82265625 0.09375 0.159375
3 0.96640625 0.80234375 0.0671875 0.15859375
3 0.9125 0.70859375 0.06484375 0.0828125
3 0.85234375 0.71015625 0.03515625 0.09140625
3 0.8234375 0.721875 0.06171875 0.053125