3 0.1625 0.625 0.1890625 0.6375 0.203125 0.6515625 0.2109375 0.6640625 0.2265625 0.70625 0.228125 0.7625 0.21875 0.809375 0.2015625 0.8453125 0.190625 0.8609375 0.1796875 0.871875 0.15625 0.8859375 0.146875 0.8875 0.11875 0.8859375 0.1 0.8734375 0.0875 0.859375 0.078125 0.8421875 0.06875 0.8125 0.065625 0.7875 0.065625 0.7453125 0.071875 0.7125 0.0796875 0.690625 0.0921875 0.6671875 0.1046875 0.65 0.1171875 0.6390625 0.1234375 0.6375 0.134375 0.6296875 0.15 0.625 0.1609375 0.625
3 0.28125 0.3046875 0.2921875 0.3140625 0.2984375 0.334375 0.296875 0.3578125 0.290625 0.3734375 0.284375 0.378125 0.271875 0.378125 0.2640625 0.3734375 0.2546875 0.3484375 0.2546875 0.328125 0.2609375 0.3125 0.2734375 0.303125 0.2796875 0.3046875
3 0.3921875 0.36796875 0.05078125 0.0890625
3 0.3875 0.2796875 0.39375 0.2859375 0.3984375 0.2953125 0.4 0.3015625 0.3984375 0.3203125 0.396875 0.3234375 0.3828125 0.325 0.3734375 0.334375 0.3671875 0.31875 0.3671875 0.2953125 0.375 0.28125 0.3859375 0.2796875
3 0.459375 0.271875 0.4671875 0.2796875 0.46875 0.303125 0.4640625 0.315625 0.45625 0.3203125 0.446875 0.31875 0.440625 0.3046875 0.4390625 0.290625 0.44375 0.275 0.4515625 0.2703125 0.4578125 0.271875
3 0.59140625 0.31484375 0.03828125 0.071875
3 0.69140625 0.34765625 0.0484375 0.0828125
3 0.73359375 0.39765625 0.05390625 0.10546875
3 0.790625 0.3453125 0.04765625 0.07265625
3 0.95703125 0.3921875 0.06328125 0.11640625
3 0.85859375 0.50703125 0.09765625 0.16796875