1 0.7234375 0.6953125 0.1515625 0.2078125
1 0.57578125 0.696875 0.1546875 0.2109375
1 0.66953125 0.49765625 0.13828125 0.1859375
1 0.53203125 0.49921875 0.14140625 0.1890625
1 0.66953125 0.3296875 0.13046875 0.16796875
1 0.521875 0.3265625 0.1328125 0.17578125
1 0.63359375 0.18203125 0.12109375 0.16640625
1 0.51484375 0.1828125 0.12421875 0.16015625
1 0.08359375 0.80859375 0.1671875 0.246875
1 0.25078125 0.746875 0.17734375 0.23125
1 0.421875 0.72578125 0.1640625 0.22109375
1 0.3890625 0.5328125 0.1515625 0.19765625
1 0.23203125 0.53984375 0.165625 0.2046875
1 0.07734375 0.56640625 0.15390625 0.215625
1 0.390625 0.359375 0.140625 0.1796875
1 0.24375 0.35859375 0.15390625 0.184375
1 0.08515625 0.37734375 0.1671875 0.19375
1 0.07890625 0.21484375 0.15703125 0.17578125
1 0.22421875 0.20078125 0.14375 0.1734375
1 0.36171875 0.2015625 0.13359375 0.175