3 0.13984375 0.74609375 0.184375 0.26953125
3 0.2734375 0.3296875 0.05859375 0.1078125
3 0.38828125 0.36796875 0.06171875 0.11171875
3 0.3796875 0.2953125 0.0515625 0.065625
3 0.45234375 0.29140625 0.0484375 0.0859375
3 0.58515625 0.309375 0.0546875 0.0984375
3 0.68515625 0.3390625 0.05546875 0.09375
3 0.728125 0.38515625 0.0703125 0.1109375
3 0.7890625 0.334375 0.05859375 0.0890625
3 0.85703125 0.48984375 0.10546875 0.165625
3 0.95390625 0.3890625 0.07578125 0.13515625
0 0.86953125 0.27421875 0.21015625 0.1078125