3 0.3703125 0.471875 0.375 0.4765625 0.38125 0.490625 0.38125 0.5140625 0.375 0.5328125 0.3671875 0.5375 0.35625 0.5375 0.3515625 0.534375 0.3453125 0.5234375 0.3421875 0.509375 0.3421875 0.496875 0.34375 0.4875 0.3515625 0.475 0.359375 0.4703125 0.36875 0.471875
3 0.48125 0.4 0.4890625 0.4046875 0.4953125 0.4171875 0.4953125 0.4359375 0.4875 0.4546875 0.4828125 0.45625 0.475 0.4546875 0.46875 0.4484375 0.465625 0.4359375 0.465625 0.415625 0.46875 0.4078125 0.475 0.4015625 0.4796875 0.4
3 0.734375 0.6015625 0.7484375 0.615625 0.7546875 0.6375 0.7546875 0.6484375 0.7484375 0.6484375 0.7453125 0.6453125 0.7375 0.6453125 0.73125 0.6484375 0.7203125 0.6640625 0.7171875 0.675 0.7125 0.6734375 0.70625 0.6546875 0.7078125 0.625 0.7125 0.6125 0.721875 0.603125 0.7328125 0.6015625
3 0.3109375 0.384375 0.31875 0.3875 0.325 0.3953125 0.33125 0.4078125 0.33125 0.41875 0.328125 0.4109375 0.3171875 0.4078125 0.30625 0.4109375 0.303125 0.4171875 0.3 0.415625 0.2953125 0.4 0.3 0.390625 0.309375 0.3859375
3 0.028125 0.5203125 0.0359375 0.5265625 0.0421875 0.5375 0.0453125 0.55 0.0453125 0.571875 0.0421875 0.584375 0.0359375 0.596875 0.0234375 0.6046875 0.015625 0.60625 0 0.5984375 0 0.528125 0.0140625 0.51875 0.0265625 0.5203125
3 0.29375 0.3984375 0.2984375 0.4109375 0.2984375 0.425 0.29375 0.4421875 0.2875 0.4484375 0.2734375 0.446875 0.265625 0.43125 0.265625 0.40625 0.2703125 0.396875 0.278125 0.390625 0.2859375 0.390625 0.2921875 0.3984375
3 0.884375 0.5828125 0.8890625 0.5875 0.896875 0.603125 0.8984375 0.6265625 0.8921875 0.646875 0.8859375 0.6546875 0.88125 0.65625 0.86875 0.6546875 0.859375 0.646875 0.853125 0.63125 0.853125 0.6015625 0.8578125 0.5890625 0.8640625 0.584375 0.875 0.5796875 0.8828125 0.5828125
3 0.096875 0.53125 0.10625 0.540625 0.1109375 0.55 0.1125 0.5828125 0.1046875 0.603125 0.096875 0.6109375 0.0921875 0.6125 0.0734375 0.6109375 0.0640625 0.5984375 0.059375 0.5828125 0.059375 0.5625 0.0671875 0.540625 0.075 0.5328125 0.084375 0.528125 0.0921875 0.528125 0.0953125 0.53125
3 0.7546875 0.65 0.7609375 0.6578125 0.76875 0.678125 0.76875 0.7078125 0.7609375 0.7296875 0.75625 0.7359375 0.75 0.7375 0.734375 0.7359375 0.7234375 0.7234375 0.7171875 0.703125 0.7171875 0.6828125 0.721875 0.6625 0.73125 0.65 0.7359375 0.646875 0.746875 0.646875 0.753125 0.65
3 0.353125 0.4171875 0.3578125 0.41875 0.365625 0.428125 0.36875 0.4375 0.36875 0.4578125 0.3640625 0.4671875 0.3484375 0.4765625 0.3453125 0.4765625 0.340625 0.471875 0.3359375 0.4625 0.334375 0.4375 0.3375 0.428125 0.346875 0.41875 0.3515625 0.4171875
3 0.2171875 0.46875 0.228125 0.4765625 0.234375 0.490625 0.2359375 0.5 0.2359375 0.5109375 0.2296875 0.5328125 0.228125 0.5359375 0.2171875 0.5421875 0.2109375 0.5421875 0.2015625 0.5359375 0.1921875 0.515625 0.1921875 0.4953125 0.196875 0.48125 0.2046875 0.471875 0.215625 0.46875
3 0.7546875 0.4640625 0.7640625 0.48125 0.7640625 0.50625 0.7546875 0.5234375 0.7421875 0.5234375 0.7359375 0.5171875 0.73125 0.50625 0.7328125 0.475 0.740625 0.4640625 0.74375 0.4625 0.753125 0.4640625
3 0.884375 0.553125 0.896875 0.5640625 0.9015625 0.575 0.903125 0.596875 0.9 0.6109375 0.89375 0.59375 0.884375 0.5828125 0.86875 0.58125 0.859375 0.5859375 0.859375 0.575 0.8640625 0.5640625 0.871875 0.5546875 0.8828125 0.553125
3 0.5609375 0.4859375 0.5671875 0.490625 0.571875 0.5015625 0.5734375 0.525 0.5671875 0.546875 0.5578125 0.553125 0.546875 0.55 0.540625 0.5421875 0.5359375 0.5265625 0.5359375 0.5078125 0.540625 0.49375 0.5453125 0.4875 0.55 0.484375 0.559375 0.4859375
3 0.5078125 0.3703125 0.5140625 0.375 0.51875 0.390625 0.5171875 0.4046875 0.509375 0.4203125 0.496875 0.41875 0.490625 0.4015625 0.4921875 0.3796875 0.4984375 0.371875 0.50625 0.3703125
3 0.6234375 0.459375 0.63125 0.465625 0.6359375 0.4765625 0.6359375 0.5015625 0.6296875 0.51875 0.625 0.521875 0.6125 0.5203125 0.6078125 0.515625 0.603125 0.5015625 0.603125 0.4765625 0.60625 0.46875 0.609375 0.4625 0.6140625 0.459375 0.621875 0.459375
3 0.31875 0.40625 0.33125 0.4125 0.3328125 0.4203125 0.33125 0.453125 0.3265625 0.4640625 0.31875 0.4703125 0.3109375 0.4703125 0.30625 0.4671875 0.3 0.45625 0.296875 0.4390625 0.3015625 0.421875 0.3015625 0.4125 0.3140625 0.4046875 0.3171875 0.40625