3 0.290625 0.8015625 0.10390625 0.146875
3 0.50078125 0.93671875 0.13046875 0.1265625
3 0.23515625 0.67421875 0.06796875 0.1171875
3 0.1796875 0.6609375 0.07421875 0.0984375
3 0.13515625 0.60546875 0.07890625 0.08671875
3 0.3640625 0.628125 0.07421875 0.096875
3 0.378125 0.559375 0.0640625 0.0703125
3 0.43125 0.61640625 0.07265625 0.1046875
3 0.584375 0.68046875 0.059375 0.12265625
3 0.50703125 0.58203125 0.0578125 0.07578125
3 0.546875 0.56171875 0.05234375 0.06796875
3 0.59921875 0.53828125 0.0515625 0.06796875
3 0.64140625 0.59140625 0.05 0.0875
3 0.70078125 0.59765625 0.06953125 0.0984375
3 0.784375 0.63359375 0.06640625 0.0921875
3 0.8828125 0.60625 0.06640625 0.084375
3 0.9609375 0.596875 0.07578125 0.0578125