3 0.53828125 0.95859375 0.1109375 0.0828125
3 0.7078125 0.8109375 0.12109375 0.2125
3 0.39921875 0.6890625 0.1015625 0.1671875
3 0.2421875 0.5890625 0.09296875 0.13828125
3 0.36875 0.5234375 0.06796875 0.1140625
3 0.4328125 0.51328125 0.06171875 0.11328125
3 0.490625 0.490625 0.05703125 0.10703125
3 0.5296875 0.465625 0.05078125 0.10078125
3 0.5609375 0.43828125 0.053125 0.078125
3 0.60859375 0.42109375 0.0484375 0.0875
3 0.62265625 0.4859375 0.0578125 0.09453125
3 0.67890625 0.478125 0.059375 0.0875
3 0.840625 0.45703125 0.05625 0.04765625
3 0.34609375 0.478125 0.06796875 0.08203125