3 0.8046875 0.484375 0.8171875 0.49375 0.825 0.5078125 0.8296875 0.53125 0.8296875 0.559375 0.828125 0.5703125 0.8203125 0.584375 0.8125 0.59375 0.803125 0.5984375 0.79375 0.596875 0.78125 0.5859375 0.7734375 0.56875 0.7703125 0.546875 0.7734375 0.5125 0.78125 0.49375 0.7859375 0.4875 0.803125 0.484375
3 0.36875 0.3578125 0.38125 0.365625 0.3890625 0.3796875 0.3921875 0.390625 0.39375 0.40625 0.3921875 0.4328125 0.3828125 0.459375 0.36875 0.4671875 0.3609375 0.4671875 0.353125 0.4640625 0.3421875 0.446875 0.3375 0.4296875 0.3375 0.4125 0.34375 0.3796875 0.3546875 0.3640625 0.3671875 0.359375
3 0.440625 0.3734375 0.446875 0.3765625 0.4546875 0.3890625 0.4609375 0.415625 0.4609375 0.440625 0.4578125 0.4546875 0.45 0.4734375 0.440625 0.48125 0.4296875 0.48125 0.4171875 0.471875 0.4109375 0.459375 0.40625 0.4390625 0.4078125 0.409375 0.4125 0.390625 0.4234375 0.375 0.4328125 0.371875 0.4390625 0.3734375
3 0.353125 0.325 0.359375 0.325 0.3671875 0.3328125 0.371875 0.3390625 0.3765625 0.3546875 0.3765625 0.35625 0.371875 0.35625 0.3640625 0.34375 0.3546875 0.3359375 0.353125 0.3265625
3 0.33125 0.2984375 0.3375 0.3 0.3453125 0.309375 0.35 0.321875 0.35 0.3328125 0.3484375 0.3359375 0.3359375 0.340625 0.334375 0.3484375 0.3296875 0.3515625 0.325 0.359375 0.321875 0.390625 0.3171875 0.390625 0.315625 0.3875 0.3171875 0.3625 0.3140625 0.3515625 0.309375 0.346875 0.30625 0.3390625 0.3046875 0.325 0.315625 0.3015625 0.321875 0.2984375 0.3296875 0.2984375
3 0.1125 0.8421875 0.1265625 0.8515625 0.1328125 0.859375 0.1453125 0.8875 0.15 0.925 0.15 0.9546875 0.146875 0.98125 0.140625 0.9984375 0.071875 0.9984375 0.0703125 0.996875 0.06875 0.9984375 0.0265625 0.9984375 0.025 0.99375 0.0265625 0.95 0.03125 0.9203125 0.040625 0.890625 0.0484375 0.875 0.05625 0.8640625 0.0703125 0.85 0.078125 0.8453125 0.0921875 0.840625 0.109375 0.840625 0.1109375 0.8421875
3 0.296875 0.321875 0.3015625 0.325 0.30625 0.34375 0.3140625 0.3546875 0.315625 0.378125 0.3140625 0.3921875 0.3078125 0.409375 0.3015625 0.41875 0.290625 0.4234375 0.275 0.41875 0.26875 0.4109375 0.2609375 0.39375 0.259375 0.3671875 0.265625 0.3390625 0.2734375 0.325 0.284375 0.31875 0.2953125 0.321875
3 0.2828125 0.55625 0.2953125 0.5625 0.3078125 0.584375 0.3140625 0.6125 0.3140625 0.65 0.303125 0.6859375 0.29375 0.6984375 0.2765625 0.70625 0.2671875 0.70625 0.2578125 0.703125 0.25 0.696875 0.2421875 0.684375 0.2359375 0.6609375 0.2359375 0.615625 0.2421875 0.5875 0.25625 0.5640625 0.2703125 0.55625 0.28125 0.55625
3 0.3578125 0.328125 0.359375 0.328125 0.35625 0.3328125 0.359375 0.3359375 0.3625 0.33125 0.36875 0.3375 0.375 0.359375 0.35625 0.3609375 0.35 0.3671875 0.340625 0.3875 0.3375 0.4140625 0.3328125 0.415625 0.328125 0.409375 0.325 0.3984375 0.3265625 0.3546875 0.3375 0.3375 0.3453125 0.3375 0.35 0.328125 0.35625 0.3265625
3 0.965625 0.3875 0.971875 0.390625 0.98125 0.40625 0.9828125 0.4484375 0.9734375 0.471875 0.9625 0.478125 0.946875 0.4734375 0.9390625 0.465625 0.934375 0.453125 0.934375 0.425 0.9390625 0.4078125 0.946875 0.39375 0.95625 0.3875 0.9640625 0.3875
3 0.528125 0.5015625 0.5359375 0.50625 0.5453125 0.51875 0.5546875 0.553125 0.553125 0.5953125 0.5421875 0.621875 0.5296875 0.63125 0.515625 0.6296875 0.5015625 0.61875 0.496875 0.609375 0.490625 0.578125 0.4921875 0.5421875 0.5 0.5171875 0.5125 0.503125 0.5265625 0.5015625
3 0.5703125 0.275 0.03828125 0.078125
3 0.5859375 0.30625 0.5921875 0.309375 0.6 0.3203125 0.6046875 0.3390625 0.6046875 0.3609375 0.5953125 0.390625 0.590625 0.3953125 0.584375 0.396875 0.5765625 0.3953125 0.5703125 0.390625 0.5640625 0.3796875 0.5609375 0.3671875 0.5609375 0.3421875 0.565625 0.3234375 0.5734375 0.3109375 0.584375 0.30625
3 0.834375 0.4078125 0.84375 0.4125 0.8515625 0.4265625 0.8546875 0.4375 0.853125 0.484375 0.84375 0.5015625 0.8359375 0.50625 0.828125 0.5046875 0.821875 0.4984375 0.8171875 0.490625 0.8078125 0.4828125 0.8046875 0.4734375 0.8046875 0.45 0.809375 0.428125 0.81875 0.4125 0.8234375 0.409375 0.8328125 0.4078125