3 0.4921875 0.8984375 0.1609375 0.203125
3 0.7453125 0.765625 0.13359375 0.20390625
3 0.546875 0.584375 0.09609375 0.13125
3 0.48125 0.471875 0.05546875 0.08984375
3 0.43203125 0.46796875 0.06015625 0.09375
3 0.40390625 0.41171875 0.06015625 0.0921875
3 0.596875 0.4515625 0.06484375 0.1078125
3 0.60546875 0.38515625 0.06796875 0.08203125
3 0.65703125 0.4375 0.0703125 0.0921875
3 0.73125 0.40625 0.04921875 0.065625
3 0.7703125 0.38828125 0.0578125 0.09375
3 0.828125 0.36953125 0.05546875 0.08359375
3 0.8578125 0.4234375 0.0625 0.103125
3 0.95859375 0.42265625 0.06953125 0.0984375