3 0.10234375 0.77265625 0.17890625 0.27421875
3 0.24609375 0.3421875 0.0640625 0.1046875
3 0.36328125 0.375 0.071875 0.10625
3 0.3546875 0.30703125 0.04609375 0.07421875
3 0.42734375 0.309375 0.05078125 0.0859375
3 0.5625 0.31875 0.059375 0.09296875
3 0.6640625 0.35546875 0.05859375 0.09140625
3 0.70546875 0.40703125 0.06953125 0.115625
3 0.76796875 0.36015625 0.06015625 0.09609375
3 0.83046875 0.503125 0.09921875 0.16796875
3 0.92734375 0.40390625 0.07890625 0.125
0 0.84609375 0.29296875 0.22265625 0.10546875