3 0.24375 0.7875 0.10546875 0.19296875
3 0.0109375 0.803125 0.02109375 0.1390625
3 0.2671875 0.59296875 0.0765625 0.12890625
3 0.20390625 0.46015625 0.05078125 0.0859375
3 0.3234375 0.48203125 0.04140625 0.0703125
3 0.29921875 0.46015625 0.03984375 0.08203125
3 0.3140625 0.428125 0.0484375 0.0703125
3 0.42578125 0.46875 0.01875 0.03984375
3 0.5125 0.4671875 0.025 0.04921875
3 0.51953125 0.421875 0.03046875 0.0453125
3 0.5375 0.5765625 0.075 0.11328125
3 0.58203125 0.4546875 0.04765625 0.0640625
3 0.63828125 0.45625 0.0515625 0.078125
3 0.6921875 0.5 0.0765625 0.1296875
3 0.71875 0.44296875 0.05625 0.084375
3 0.78359375 0.45703125 0.04453125 0.06015625
3 0.7890625 0.4234375 0.03515625 0.0359375
3 0.7703125 0.5265625 0.05625 0.1078125
3 0.8078125 0.590625 0.0703125 0.08515625
3 0.8625 0.61015625 0.0703125 0.09296875
3 0.96875 0.58671875 0.0625 0.1421875
3 0.9515625 0.45703125 0.053125 0.07265625
3 0.91796875 0.45625 0.0171875 0.06171875