3 0.15390625 0.74765625 0.17578125 0.2796875
3 0.28203125 0.33125 0.0421875 0.0859375
3 0.39765625 0.36953125 0.07734375 0.1078125
3 0.3859375 0.303125 0.04609375 0.078125
3 0.459375 0.30234375 0.04609375 0.08046875
3 0.59453125 0.30859375 0.0375 0.084375
3 0.696875 0.3515625 0.05625 0.10625
3 0.7359375 0.40390625 0.06796875 0.10546875
3 0.79609375 0.3578125 0.05703125 0.08359375
3 0.865625 0.50390625 0.11015625 0.16640625
3 0.9625 0.40625 0.075 0.1046875
0 0.87734375 0.29296875 0.22734375 0.12109375