3 0.72265625 0.628125 0.0578125 0.12109375
3 0.68515625 0.5609375 0.0671875 0.10078125
3 0.528125 0.52578125 0.07734375 0.12265625
3 0.4703125 0.434375 0.06640625 0.08984375
3 0.5640625 0.28671875 0.0390625 0.0640625
3 0.53203125 0.28359375 0.034375 0.0671875
3 0.47265625 0.24765625 0.03515625 0.0734375
3 0.44296875 0.246875 0.03828125 0.0609375
3 0.43125 0.3390625 0.04609375 0.0859375
3 0.37109375 0.31171875 0.0453125 0.078125
3 0.34609375 0.26171875 0.034375 0.0578125
3 0.246875 0.3828125 0.06484375 0.10625
3 0.1265625 0.38828125 0.07578125 0.1125
3 0.228125 0.54375 0.07265625 0.109375
3 0.271875 0.56640625 0.06875 0.1171875
3 0.33828125 0.5015625 0.06953125 0.0890625
3 0.35546875 0.46796875 0.065625 0.0859375
3 0.28125 0.50390625 0.065625 0.07109375