3 0.18671875 0.43515625 0.06171875 0.0953125
3 0.31796875 0.42578125 0.053125 0.10078125
3 0.34921875 0.29140625 0.0375 0.0671875
3 0.39453125 0.3390625 0.04140625 0.09375
3 0.46640625 0.34609375 0.05078125 0.07578125
3 0.4359375 0.2578125 0.034375 0.0546875
3 0.46875 0.2625 0.0296875 0.05234375
3 0.53046875 0.28828125 0.03515625 0.06796875
3 0.5703125 0.2875 0.04296875 0.06953125
3 0.53359375 0.4296875 0.05390625 0.1046875
3 0.628125 0.50703125 0.0640625 0.11953125
3 0.76484375 0.5078125 0.0609375 0.12109375
3 0.8265625 0.5484375 0.0640625 0.15625
3 0.415625 0.5765625 0.05625 0.11328125
3 0.36484375 0.5609375 0.0578125 0.11328125
3 0.40234375 0.50703125 0.04375 0.04921875
3 0.4453125 0.46796875 0.05859375 0.0734375
3 0.44609375 0.5140625 0.065625 0.0953125