3 0.3015625 0.81484375 0.1046875 0.16484375
3 0.06953125 0.83515625 0.08984375 0.21015625
3 0.34609375 0.66953125 0.09375 0.13203125
3 0.3171875 0.54609375 0.04765625 0.103125
3 0.58046875 0.66796875 0.06328125 0.11640625
3 0.57578125 0.57578125 0.05390625 0.09140625
3 0.6546875 0.57109375 0.05 0.08125
3 0.70703125 0.56484375 0.04765625 0.08125
3 0.75234375 0.6140625 0.06796875 0.128125
3 0.8 0.55859375 0.06640625 0.08828125
3 0.83125 0.62109375 0.06796875 0.1265625
3 0.85234375 0.70859375 0.065625 0.11484375
3 0.90703125 0.7 0.075 0.096875
3 0.87109375 0.56015625 0.05703125 0.09609375