3 0.765625 0.5359375 0.7765625 0.546875 0.784375 0.5734375 0.7828125 0.603125 0.7765625 0.6171875 0.7765625 0.621875 0.7734375 0.628125 0.76875 0.63125 0.75 0.63125 0.74375 0.6265625 0.7359375 0.615625 0.73125 0.5984375 0.73125 0.571875 0.7359375 0.5515625 0.740625 0.54375 0.7515625 0.534375 0.7640625 0.5359375
3 0.4484375 0.428125 0.4546875 0.43125 0.4609375 0.4390625 0.46875 0.4609375 0.46875 0.4859375 0.459375 0.509375 0.4515625 0.5140625 0.4421875 0.5140625 0.4328125 0.5078125 0.4265625 0.496875 0.4234375 0.484375 0.4234375 0.4546875 0.428125 0.440625 0.4359375 0.43125 0.446875 0.428125
3 0.3765625 0.3703125 0.3859375 0.3765625 0.390625 0.3859375 0.390625 0.390625 0.371875 0.3921875 0.3625 0.3984375 0.359375 0.403125 0.353125 0.3953125 0.35625 0.38125 0.3640625 0.371875 0.375 0.3703125
3 0.396875 0.4234375 0.4046875 0.425 0.4125 0.4375 0.415625 0.45 0.415625 0.471875 0.40625 0.4953125 0.39375 0.5015625 0.3828125 0.4984375 0.3734375 0.484375 0.36875 0.4625 0.36875 0.4453125 0.3703125 0.4390625 0.3765625 0.4328125 0.3796875 0.425 0.3953125 0.4234375
3 0.00625 0.703125 0.0234375 0.7125 0.0328125 0.725 0.040625 0.75 0.040625 0.775 0.03125 0.8109375 0.0234375 0.8234375 0.0140625 0.8328125 0.0046875 0.8375 0 0.8359375 0 0.815625 0.0015625 0.8140625 0 0.8125 0 0.7875 0.003125 0.775 0.0015625 0.7703125 0.003125 0.74375 0 0.734375 0 0.715625 0.0015625 0.7140625 0 0.70625 0.0046875 0.703125
3 0.9765625 0.4671875 0.9859375 0.4765625 0.9921875 0.5015625 0.990625 0.5296875 0.984375 0.54375 0.978125 0.5484375 0.965625 0.5484375 0.9578125 0.5453125 0.946875 0.534375 0.94375 0.5234375 0.94375 0.490625 0.9484375 0.4765625 0.9578125 0.4671875 0.9640625 0.4640625 0.975 0.4671875
3 0.115625 0.7140625 0.1296875 0.71875 0.140625 0.728125 0.1484375 0.7421875 0.153125 0.7578125 0.1546875 0.784375 0.1515625 0.8046875 0.1453125 0.821875 0.1328125 0.840625 0.125 0.8484375 0.1125 0.853125 0.09375 0.8515625 0.0875 0.8484375 0.0765625 0.8359375 0.0703125 0.821875 0.0671875 0.8078125 0.065625 0.79375 0.0671875 0.775 0.0796875 0.7390625 0.09375 0.7234375 0.1078125 0.715625 0.1140625 0.715625
3 0.284375 0.55 0.2953125 0.5546875 0.303125 0.5625 0.309375 0.575 0.3140625 0.5953125 0.3125 0.6234375 0.3046875 0.6453125 0.29375 0.65625 0.2859375 0.659375 0.278125 0.659375 0.271875 0.65625 0.2609375 0.6453125 0.253125 0.6234375 0.253125 0.6078125 0.2515625 0.60625 0.253125 0.5875 0.2609375 0.565625 0.271875 0.5546875 0.2828125 0.55
3 0.396875 0.3953125 0.4015625 0.4 0.4078125 0.4140625 0.4109375 0.4328125 0.4015625 0.425 0.390625 0.4265625 0.3875 0.425 0.3796875 0.428125 0.3765625 0.4359375 0.36875 0.44375 0.3640625 0.434375 0.3640625 0.4140625 0.36875 0.4015625 0.3734375 0.396875 0.3828125 0.39375 0.3953125 0.3953125
3 0.6046875 0.3859375 0.609375 0.390625 0.6140625 0.4015625 0.6171875 0.421875 0.615625 0.4359375 0.6109375 0.4484375 0.6046875 0.45625 0.5875 0.4546875 0.58125 0.4453125 0.5765625 0.425 0.578125 0.4 0.584375 0.3875 0.5921875 0.3828125 0.6 0.3828125 0.603125 0.3859375
3 0.3796875 0.371875 0.3859375 0.3765625 0.39375 0.39375 0.38125 0.396875 0.36875 0.4125 0.365625 0.4265625 0.365625 0.4421875 0.3625 0.4390625 0.3609375 0.4125 0.353125 0.3953125 0.353125 0.390625 0.3625 0.3734375 0.36875 0.3703125 0.378125 0.371875
3 0.340625 0.3859375 0.3453125 0.3875 0.3515625 0.39375 0.3578125 0.40625 0.3609375 0.4203125 0.3609375 0.4375 0.3578125 0.4484375 0.3515625 0.4609375 0.34375 0.4640625 0.3359375 0.4640625 0.325 0.4578125 0.31875 0.446875 0.315625 0.434375 0.3171875 0.403125 0.3265625 0.3875 0.3390625 0.3859375
3 0.5 0.53125 0.5078125 0.5375 0.515625 0.553125 0.51875 0.565625 0.51875 0.590625 0.515625 0.6046875 0.5078125 0.6234375 0.4984375 0.6296875 0.4859375 0.6296875 0.4765625 0.6234375 0.46875 0.609375 0.465625 0.59375 0.465625 0.5625 0.475 0.5390625 0.4859375 0.5296875 0.4984375 0.53125
3 0.609375 0.3265625 0.6171875 0.3390625 0.621875 0.3625 0.6171875 0.38125 0.6109375 0.3890625 0.596875 0.38125 0.5921875 0.38125 0.5875 0.36875 0.5890625 0.3375 0.5984375 0.325 0.6078125 0.3265625
3 0.8203125 0.475 0.828125 0.48125 0.834375 0.4921875 0.8390625 0.5140625 0.8375 0.5375 0.825 0.5609375 0.8046875 0.559375 0.7953125 0.5484375 0.790625 0.534375 0.790625 0.50625 0.7953125 0.4890625 0.8078125 0.475 0.81875 0.475