3 0.128125 0.5125 0.05625 0.08359375
3 0.265625 0.4859375 0.05390625 0.08125
3 0.28671875 0.33046875 0.0328125 0.04296875
3 0.33515625 0.3671875 0.03828125 0.06640625
3 0.4140625 0.36953125 0.03828125 0.05859375
3 0.36953125 0.2796875 0.03359375 0.05234375
3 0.403125 0.27421875 0.02890625 0.05703125
3 0.475 0.29609375 0.03125 0.05703125
3 0.50703125 0.2859375 0.02734375 0.0703125
3 0.49375 0.4390625 0.04375 0.07109375
3 0.59609375 0.503125 0.0515625 0.0984375
3 0.73046875 0.47578125 0.04921875 0.09375
3 0.778125 0.51484375 0.0625 0.1046875
3 0.409375 0.49921875 0.0625 0.0625
3 0.41796875 0.56171875 0.04765625 0.07734375
3 0.3703125 0.56484375 0.05234375 0.0609375
3 0.33046875 0.615625 0.0453125 0.09140625
3 0.38671875 0.628125 0.06796875 0.08203125