3 0.09140625 0.7796875 0.18203125 0.28828125
3 0.23125 0.34296875 0.06484375 0.090625
3 0.35390625 0.378125 0.05546875 0.109375
3 0.346875 0.30625 0.03984375 0.06328125
3 0.4171875 0.30859375 0.0421875 0.06484375
3 0.55625 0.32265625 0.0453125 0.07734375
3 0.8203125 0.51640625 0.11171875 0.1703125
3 0.9171875 0.41484375 0.07109375 0.13828125
3 0.75390625 0.359375 0.0609375 0.09921875
3 0.696875 0.41640625 0.07734375 0.12578125
3 0.65625 0.35625 0.05625 0.084375
0 0.83828125 0.29765625 0.2171875 0.09375