3 0.5125 0.965625 0.121875 0.06796875
3 0.67578125 0.79765625 0.1109375 0.19765625
3 0.37109375 0.69921875 0.1 0.16328125
3 0.19921875 0.59296875 0.08046875 0.125
3 0.33046875 0.53828125 0.05625 0.10703125
3 0.3078125 0.47578125 0.04609375 0.06640625
3 0.39609375 0.51484375 0.06875 0.1
3 0.45546875 0.49609375 0.05390625 0.09921875
3 0.48828125 0.46875 0.0390625 0.08359375
3 0.525 0.44765625 0.04609375 0.08125
3 0.5734375 0.43359375 0.03984375 0.06875
3 0.5859375 0.49296875 0.04765625 0.08359375
3 0.64296875 0.48203125 0.0546875 0.0859375
3 0.63515625 0.41953125 0.034375 0.05234375
3 0.79921875 0.465625 0.040625 0.0578125
3 0.84375 0.47265625 0.0296875 0.07109375