0 0.9171875 0.40625 0.165625 0.2125
3 0.78046875 0.584375 0.06953125 0.10390625
3 0.7234375 0.53984375 0.05859375 0.1140625
3 0.58984375 0.54453125 0.06640625 0.10390625
3 0.4890625 0.46640625 0.05 0.0953125
3 0.48125 0.32265625 0.0359375 0.065625
3 0.5109375 0.3109375 0.03984375 0.0734375
3 0.4015625 0.56875 0.0625 0.10390625
3 0.3953125 0.51171875 0.06484375 0.0625
3 0.3765625 0.62890625 0.0671875 0.11015625
3 0.31875 0.6203125 0.078125 0.10859375
3 0.3515625 0.56640625 0.05078125 0.0640625
3 0.2609375 0.475 0.05703125 0.1390625
3 0.1171875 0.49921875 0.08125 0.10546875
3 0.28828125 0.33359375 0.046875 0.075
3 0.3359375 0.3765625 0.0625 0.078125
3 0.415625 0.38359375 0.05234375 0.0921875
3 0.378125 0.296875 0.03984375 0.065625
3 0.41171875 0.296875 0.03984375 0.065625