3 0.4515625 0.325 0.4546875 0.3265625 0.4640625 0.34375 0.465625 0.3734375 0.4640625 0.3828125 0.4578125 0.396875 0.45 0.40625 0.4453125 0.4078125 0.434375 0.40625 0.425 0.39375 0.41875 0.3734375 0.41875 0.3484375 0.4234375 0.334375 0.4328125 0.325 0.4421875 0.321875 0.45 0.325
3 0.2328125 0.603125 0.2453125 0.60625 0.2609375 0.6140625 0.2734375 0.6265625 0.2796875 0.6375 0.2953125 0.675 0.2953125 0.6890625 0.2984375 0.7046875 0.2984375 0.73125 0.290625 0.7734375 0.28125 0.7984375 0.2703125 0.81875 0.253125 0.8390625 0.2421875 0.846875 0.225 0.853125 0.20625 0.853125 0.190625 0.8484375 0.1734375 0.8328125 0.1703125 0.825 0.1640625 0.81875 0.1546875 0.7984375 0.1484375 0.771875 0.146875 0.7125 0.1546875 0.675 0.1734375 0.6375 0.196875 0.6140625 0.21875 0.6046875 0.23125 0.603125
3 0.91875 0.440625 0.93125 0.4453125 0.95 0.4640625 0.959375 0.4890625 0.9625 0.5078125 0.9609375 0.53125 0.953125 0.55625 0.9453125 0.56875 0.928125 0.5859375 0.9109375 0.5859375 0.9015625 0.5828125 0.884375 0.5703125 0.86875 0.525 0.8703125 0.4875 0.8796875 0.4640625 0.8875 0.453125 0.896875 0.4453125 0.909375 0.440625 0.9171875 0.440625
3 0.3375 0.3 0.35 0.31875 0.3515625 0.34375 0.3484375 0.3546875 0.340625 0.36875 0.334375 0.371875 0.3203125 0.36875 0.315625 0.3609375 0.3078125 0.3359375 0.3078125 0.3234375 0.309375 0.315625 0.31875 0.3015625 0.3359375 0.3
3 0.43125 0.30546875 0.03515625 0.05859375
3 0.503125 0.2703125 0.5109375 0.2765625 0.5140625 0.284375 0.5140625 0.30625 0.5109375 0.3140625 0.5046875 0.3203125 0.49375 0.3203125 0.4859375 0.3046875 0.4875 0.2796875 0.49375 0.271875 0.5015625 0.2703125
3 0.7875 0.359375 0.7953125 0.3625 0.803125 0.3703125 0.809375 0.38125 0.8125 0.39375 0.8125 0.4171875 0.809375 0.4328125 0.796875 0.453125 0.7890625 0.459375 0.7875 0.4578125 0.784375 0.459375 0.771875 0.4578125 0.7625 0.4484375 0.753125 0.415625 0.753125 0.39375 0.759375 0.375 0.7703125 0.3625 0.778125 0.359375 0.7859375 0.359375
3 0.640625 0.2890625 0.6484375 0.296875 0.653125 0.3109375 0.6515625 0.3296875 0.640625 0.3484375 0.628125 0.3484375 0.621875 0.3390625 0.61875 0.328125 0.61875 0.3046875 0.6234375 0.29375 0.6328125 0.2875 0.6390625 0.2890625
3 0.740625 0.315625 0.7484375 0.31875 0.75625 0.3265625 0.7609375 0.3375 0.7609375 0.3671875 0.7515625 0.3890625 0.746875 0.39375 0.7359375 0.39375 0.7265625 0.3890625 0.71875 0.3734375 0.7171875 0.3609375 0.7171875 0.3421875 0.721875 0.328125 0.73125 0.31875 0.7390625 0.315625
3 0.8453125 0.31875 0.85625 0.325 0.8640625 0.3421875 0.8625 0.3734375 0.85625 0.3859375 0.846875 0.3953125 0.834375 0.3953125 0.828125 0.3921875 0.81875 0.3625 0.81875 0.34375 0.825 0.328125 0.8328125 0.3203125 0.84375 0.31875
3 0.9984375 0.3734375 0.9984375 0.453125 0.99375 0.45 0.9921875 0.4421875 0.9875 0.434375 0.984375 0.41875 0.9875 0.3921875 0.996875 0.375