3 0.7171875 0.625 0.05859375 0.0984375
3 0.73203125 0.67734375 0.06171875 0.10859375
3 0.86015625 0.5953125 0.05859375 0.09453125
3 0.8734375 0.54296875 0.0546875 0.065625
3 0.73359375 0.4640625 0.0421875 0.07421875
3 0.60390625 0.46875 0.05859375 0.0875
3 0.53984375 0.5015625 0.05234375 0.0890625
3 0.46328125 0.409375 0.04453125 0.0828125
3 0.48828125 0.3703125 0.0453125 0.06171875
3 0.3390625 0.48515625 0.059375 0.0890625
3 0.3328125 0.428125 0.0421875 0.06640625
3 0.29296875 0.425 0.04765625 0.07109375
3 0.290625 0.384375 0.034375 0.0375
3 0.25390625 0.40390625 0.040625 0.08046875
3 0.18984375 0.4953125 0.0671875 0.10078125
3 0.053125 0.57421875 0.07421875 0.1078125
3 0.01015625 0.565625 0.0203125 0.10859375