3 0.63828125 0.5140625 0.05546875 0.11484375
3 0.78046875 0.49921875 0.06953125 0.1125
3 0.83125 0.546875 0.0703125 0.12109375
3 0.55234375 0.434375 0.0578125 0.109375
3 0.5765625 0.2828125 0.04140625 0.07265625
3 0.540625 0.28671875 0.03828125 0.0734375
3 0.4765625 0.3546875 0.05078125 0.096875
3 0.46171875 0.52578125 0.06796875 0.09453125
3 0.43046875 0.5828125 0.06640625 0.09375
3 0.378125 0.57421875 0.07265625 0.12734375
3 0.415625 0.52109375 0.0546875 0.053125
3 0.45703125 0.46171875 0.053125 0.05703125
3 0.32890625 0.428125 0.07265625 0.0859375
3 0.196875 0.44921875 0.075 0.11640625
3 0.35234375 0.29921875 0.05546875 0.10234375
3 0.4078125 0.33125 0.04921875 0.1140625
3 0.446875 0.2671875 0.03203125 0.0578125
3 0.4796875 0.26796875 0.03046875 0.0671875