3 0.39140625 0.2125 0.0296875 0.053125
3 0.49375 0.1703125 0.503125 0.175 0.5078125 0.1890625 0.50625 0.2078125 0.503125 0.215625 0.4953125 0.21875 0.490625 0.2171875 0.484375 0.209375 0.4828125 0.1828125 0.4859375 0.175 0.4921875 0.171875
3 0.525 0.175 0.5296875 0.178125 0.5359375 0.190625 0.5359375 0.2140625 0.53125 0.2234375 0.51875 0.2234375 0.5140625 0.2171875 0.5109375 0.20625 0.5109375 0.1890625 0.5140625 0.18125 0.5234375 0.175
3 0.1484375 0.2890625 0.165625 0.2875 0.171875 0.2921875 0.178125 0.3 0.184375 0.3234375 0.18125 0.346875 0.16875 0.3578125 0.1640625 0.359375 0.15625 0.3578125 0.146875 0.3484375 0.1390625 0.3234375 0.140625 0.303125 0.1484375 0.290625
3 0.28125 0.334375 0.04453125 0.0734375
3 0.4 0.2859375 0.39375 0.271875 0.3921875 0.246875 0.3953125 0.2375 0.403125 0.2296875 0.4109375 0.2296875 0.41875 0.2375 0.4234375 0.2484375 0.425 0.265625 0.41875 0.2859375 0.4109375 0.2890625 0.40625 0.2890625 0.4015625 0.2859375
3 0.2421875 0.4421875 0.25625 0.453125 0.259375 0.459375 0.259375 0.465625 0.2515625 0.475 0.2453125 0.4890625 0.240625 0.5171875 0.240625 0.5328125 0.2375 0.5359375 0.228125 0.534375 0.2171875 0.5234375 0.2140625 0.5171875 0.2078125 0.496875 0.2078125 0.4734375 0.209375 0.465625 0.2171875 0.45 0.225 0.44375 0.240625 0.4421875
3 0.296875 0.425 0.309375 0.4375 0.3140625 0.453125 0.315625 0.4859375 0.3125 0.4984375 0.30625 0.509375 0.303125 0.509375 0.3015625 0.50625 0.296875 0.4875 0.290625 0.475 0.2859375 0.4734375 0.2828125 0.46875 0.2671875 0.4640625 0.2609375 0.459375 0.2625 0.446875 0.2734375 0.428125 0.2828125 0.4234375 0.2953125 0.425
3 0.2609375 0.4625 0.275 0.465625 0.290625 0.4765625 0.3015625 0.5109375 0.3 0.534375 0.290625 0.5546875 0.284375 0.5609375 0.26875 0.5640625 0.259375 0.5609375 0.2546875 0.55625 0.2484375 0.5484375 0.24375 0.5375 0.2421875 0.5140625 0.2453125 0.4921875 0.25 0.478125 0.2609375 0.4640625
3 0.471875 0.25625 0.4796875 0.2625 0.4859375 0.2796875 0.484375 0.3046875 0.4796875 0.3140625 0.4734375 0.31875 0.465625 0.31875 0.4609375 0.315625 0.4546875 0.3046875 0.4515625 0.290625 0.4515625 0.2765625 0.45625 0.2625 0.4625 0.25625 0.4703125 0.25625
3 0.5703125 0.2125 0.575 0.2109375 0.5828125 0.2125 0.5921875 0.2296875 0.5921875 0.2484375 0.5890625 0.259375 0.5796875 0.265625 0.56875 0.2609375 0.5640625 0.246875 0.5640625 0.225 0.5703125 0.2140625
3 0.6046875 0.2140625 0.615625 0.2125 0.625 0.2265625 0.6265625 0.2359375 0.6265625 0.246875 0.6234375 0.259375 0.6171875 0.265625 0.6078125 0.265625 0.603125 0.2609375 0.5984375 0.2484375 0.5984375 0.225 0.6046875 0.215625
3 0.365625 0.3765625 0.378125 0.3875 0.384375 0.4 0.3875 0.415625 0.3875 0.428125 0.3828125 0.4453125 0.378125 0.4546875 0.3703125 0.4609375 0.3671875 0.4578125 0.3640625 0.440625 0.3578125 0.425 0.3515625 0.41875 0.3375 0.4109375 0.3390625 0.4 0.3484375 0.3828125 0.35625 0.3765625 0.3640625 0.3765625
3 0.34375 0.415625 0.3578125 0.4265625 0.365625 0.4515625 0.3640625 0.48125 0.3578125 0.4953125 0.3484375 0.503125 0.334375 0.503125 0.3265625 0.4984375 0.31875 0.4828125 0.3140625 0.4515625 0.3140625 0.440625 0.3171875 0.4296875 0.3234375 0.4203125 0.3328125 0.4140625 0.3421875 0.415625
3 0.490625 0.35 0.5046875 0.3640625 0.5109375 0.384375 0.5109375 0.396875 0.5046875 0.41875 0.5015625 0.4234375 0.490625 0.428125 0.48125 0.425 0.475 0.41875 0.4671875 0.3984375 0.4671875 0.375 0.4703125 0.3640625 0.478125 0.353125 0.4890625 0.35
3 0.5390625 0.45 0.546875 0.453125 0.55625 0.4625 0.5625 0.475 0.565625 0.490625 0.565625 0.509375 0.5625 0.521875 0.55625 0.5359375 0.54375 0.5453125 0.5375 0.5453125 0.53125 0.5421875 0.5234375 0.534375 0.515625 0.5171875 0.5125 0.5 0.5140625 0.4765625 0.51875 0.4625 0.528125 0.453125 0.5375 0.45
3 0.703125 0.496875 0.7140625 0.5 0.7265625 0.5171875 0.73125 0.534375 0.73125 0.5578125 0.7265625 0.5640625 0.7078125 0.578125 0.6984375 0.5921875 0.6953125 0.5921875 0.6875 0.5859375 0.6796875 0.5703125 0.675 0.55 0.675 0.5296875 0.678125 0.5171875 0.6875 0.5015625 0.7015625 0.496875
3 0.7375 0.5671875 0.7484375 0.575 0.7515625 0.5796875 0.7578125 0.590625 0.7625 0.6078125 0.7609375 0.6453125 0.7546875 0.659375 0.7421875 0.6734375 0.7265625 0.6734375 0.7203125 0.6703125 0.709375 0.659375 0.703125 0.6453125 0.7 0.6296875 0.7 0.5984375 0.703125 0.5890625 0.7109375 0.5765625 0.7203125 0.56875 0.7265625 0.565625 0.7359375 0.5671875