3 0.253125 0.91875 0.128125 0.1625
3 0.12578125 0.73828125 0.0859375 0.1390625
3 0.11640625 0.58046875 0.07109375 0.1
3 0.06015625 0.5859375 0.06171875 0.1
3 0.0484375 0.5265625 0.06171875 0.06796875
3 0.26484375 0.55390625 0.0671875 0.10390625
3 0.30078125 0.48125 0.0484375 0.07578125
3 0.3375 0.53515625 0.05859375 0.09375
3 0.44453125 0.6265625 0.0640625 0.11796875
3 0.54140625 0.51875 0.053125 0.0921875
3 0.52890625 0.4515625 0.0421875 0.0578125
3 0.46015625 0.484375 0.03203125 0.071875
3 0.4140625 0.50625 0.046875 0.0953125
3 0.61875 0.5140625 0.05 0.10234375
3 0.67734375 0.4328125 0.0328125 0.0796875
3 0.72109375 0.42890625 0.04296875 0.06796875
3 0.74140625 0.57109375 0.065625 0.0984375
3 0.684375 0.546875 0.05625 0.084375
3 0.7890625 0.50703125 0.0625 0.084375
3 0.8765625 0.52109375 0.059375 0.084375