3 0.73828125 0.65390625 0.07421875 0.1078125
3 0.72421875 0.59140625 0.06015625 0.08671875
3 0.8640625 0.5609375 0.05703125 0.08125
3 0.8765625 0.5078125 0.06640625 0.0703125
3 0.73046875 0.440625 0.05859375 0.10625
3 0.60625 0.43984375 0.0609375 0.09765625
3 0.534375 0.4765625 0.06875 0.10703125
3 0.45234375 0.38203125 0.05703125 0.0734375
3 0.478125 0.34765625 0.040625 0.06328125
3 0.3359375 0.4828125 0.06484375 0.1
3 0.3234375 0.42109375 0.05703125 0.08359375
3 0.28203125 0.41015625 0.04609375 0.07421875
3 0.2421875 0.3984375 0.0484375 0.08515625
3 0.27421875 0.36171875 0.04296875 0.04765625
3 0.17734375 0.5046875 0.07734375 0.11640625
3 0.04296875 0.5859375 0.0859375 0.14296875