3 0.15390625 0.89921875 0.09765625 0.146875
3 0.38359375 0.9875 0.0703125 0.025
3 0.25 0.7046875 0.07109375 0.1109375
3 0.2671875 0.63828125 0.06796875 0.07265625
3 0.3203125 0.68671875 0.0609375 0.08671875
3 0.40234375 0.65390625 0.05703125 0.07265625
3 0.446875 0.63203125 0.0546875 0.065625
3 0.53046875 0.65546875 0.04296875 0.0796875
3 0.6015625 0.65390625 0.0515625 0.065625
3 0.57109375 0.58671875 0.0359375 0.05390625
3 0.5234375 0.590625 0.03046875 0.03046875
3 0.77578125 0.64765625 0.0625 0.0796875
3 0.85078125 0.63984375 0.07421875 0.08515625
3 0.75390625 0.68984375 0.05078125 0.1015625
3 0.68125 0.675 0.05859375 0.071875
3 0.6359375 0.56328125 0.03828125 0.05390625
3 0.0921875 0.7625 0.0765625 0.1
3 0.03359375 0.7546875 0.06171875 0.103125
3 0.01328125 0.68359375 0.02578125 0.0609375