3 0.309375 0.8984375 0.1578125 0.203125
3 0.03359375 0.62578125 0.0671875 0.1296875
3 0.1078125 0.58984375 0.07734375 0.103125
3 0.15859375 0.54921875 0.06875 0.0734375
3 0.20546875 0.50859375 0.0671875 0.0875
3 0.27109375 0.4859375 0.07734375 0.0625
3 0.2703125 0.553125 0.07578125 0.10234375
3 0.3453125 0.534375 0.07734375 0.0921875
3 0.3484375 0.46171875 0.07109375 0.08203125
3 0.44296875 0.546875 0.06796875 0.08984375
3 0.4890625 0.49609375 0.06015625 0.0625
3 0.55625 0.48125 0.0609375 0.08125