3 0.29453125 0.82734375 0.0953125 0.16171875
3 0.0765625 0.84140625 0.11015625 0.18125
3 0.34921875 0.678125 0.07109375 0.12578125
3 0.32890625 0.56015625 0.05546875 0.0828125
3 0.3984375 0.5625 0.02890625 0.09296875
3 0.58046875 0.58828125 0.046875 0.0890625
3 0.590625 0.67734375 0.0609375 0.10859375
3 0.53671875 0.57890625 0.03359375 0.0734375
3 0.65234375 0.5765625 0.05078125 0.09375
3 0.58359375 0.52890625 0.0421875 0.07265625
3 0.70546875 0.57578125 0.04296875 0.07109375
3 0.7578125 0.62265625 0.05390625 0.09765625
3 0.8 0.5578125 0.05234375 0.09453125
3 0.83671875 0.62734375 0.0578125 0.103125
3 0.84765625 0.709375 0.06875 0.11171875
3 0.9140625 0.71328125 0.06875 0.08046875
3 0.86640625 0.57265625 0.0515625 0.06953125
3 0.884375 0.5484375 0.04921875 0.06484375