3 0.6234375 0.3375 0.6328125 0.35 0.634375 0.3671875 0.6296875 0.3828125 0.621875 0.39375 0.61875 0.39375 0.6125 0.3859375 0.6 0.3796875 0.59375 0.3703125 0.5953125 0.3515625 0.6 0.34375 0.6078125 0.3375 0.621875 0.3375
3 0.73125 0.5171875 0.740625 0.525 0.7453125 0.534375 0.7484375 0.546875 0.7484375 0.5625 0.7453125 0.5734375 0.734375 0.5953125 0.73125 0.5984375 0.7234375 0.6 0.709375 0.5984375 0.696875 0.5859375 0.690625 0.571875 0.6890625 0.546875 0.6953125 0.5265625 0.7046875 0.5171875 0.7125 0.5140625 0.7296875 0.5171875
3 0.4578125 0.403125 0.4671875 0.409375 0.4734375 0.4203125 0.475 0.4484375 0.4625 0.4734375 0.4546875 0.4765625 0.446875 0.4765625 0.4359375 0.46875 0.428125 0.4546875 0.4265625 0.4375 0.43125 0.415625 0.4359375 0.409375 0.4421875 0.4046875 0.45625 0.403125
3 0.9703125 0.7375 0.984375 0.728125 0.9984375 0.728125 0.9984375 0.8390625 0.9890625 0.8359375 0.9765625 0.821875 0.9625 0.79375 0.9609375 0.7640625 0.965625 0.7453125 0.9703125 0.7390625
3 0.946875 0.4859375 0.959375 0.4890625 0.9703125 0.5 0.9734375 0.5109375 0.9734375 0.53125 0.9703125 0.540625 0.9640625 0.5515625 0.95625 0.559375 0.9453125 0.559375 0.9328125 0.5546875 0.921875 0.5453125 0.9140625 0.53125 0.9125 0.515625 0.915625 0.5 0.91875 0.4953125 0.9265625 0.4875 0.9453125 0.4859375
3 0.58125 0.3875 0.59375 0.38125 0.6015625 0.38125 0.6140625 0.3890625 0.61875 0.4 0.61875 0.41875 0.6125 0.4359375 0.6046875 0.4453125 0.5921875 0.446875 0.5796875 0.434375 0.575 0.4203125 0.575 0.4 0.58125 0.3890625
3 0.0671875 0.559375 0.0734375 0.5625 0.0859375 0.578125 0.090625 0.5921875 0.0921875 0.6109375 0.08125 0.646875 0.0703125 0.659375 0.0578125 0.665625 0.0421875 0.665625 0.0328125 0.6609375 0.0203125 0.6453125 0.0125 0.625 0.0125 0.596875 0.015625 0.5859375 0.021875 0.575 0.034375 0.5625 0.0515625 0.55625 0.059375 0.55625 0.065625 0.559375
3 0.3609375 0.39453125 0.04453125 0.06953125
3 0.15 0.575 0.16875 0.5875 0.1796875 0.6140625 0.1796875 0.634375 0.1734375 0.65 0.171875 0.6609375 0.165625 0.671875 0.15625 0.68125 0.146875 0.6859375 0.13125 0.6859375 0.125 0.6828125 0.115625 0.6734375 0.1046875 0.6546875 0.1015625 0.64375 0.1015625 0.621875 0.1046875 0.60625 0.115625 0.5875 0.128125 0.578125 0.1375 0.575 0.1484375 0.575
3 0.3078125 0.48125 0.3171875 0.4890625 0.3203125 0.4953125 0.325 0.5109375 0.325 0.5328125 0.3125 0.5609375 0.3015625 0.56875 0.2875 0.56875 0.275 0.5578125 0.26875 0.546875 0.2640625 0.53125 0.2640625 0.5140625 0.2671875 0.5015625 0.275 0.4875 0.2953125 0.478125 0.30625 0.48125
3 0.409375 0.371875 0.4203125 0.375 0.425 0.38125 0.428125 0.390625 0.428125 0.4109375 0.4234375 0.4046875 0.4234375 0.4 0.415625 0.3921875 0.403125 0.39375 0.3921875 0.3984375 0.3828125 0.409375 0.384375 0.38125 0.3921875 0.375 0.4078125 0.371875
3 0.4078125 0.3546875 0.4140625 0.3625 0.4171875 0.3734375 0.4 0.3734375 0.3875 0.384375 0.3828125 0.38125 0.378125 0.36875 0.378125 0.3625 0.390625 0.353125 0.40625 0.3546875
3 0.4140625 0.3828125 0.4265625 0.4015625 0.428125 0.4125 0.4234375 0.446875 0.4140625 0.4609375 0.3984375 0.4609375 0.3875 0.4484375 0.38125 0.4328125 0.384375 0.4015625 0.4 0.384375 0.40625 0.3875 0.4125 0.3828125
3 0.490625 0.4875 0.49375 0.4890625 0.503125 0.50625 0.5046875 0.5359375 0.49375 0.5609375 0.4828125 0.5703125 0.46875 0.56875 0.459375 0.5609375 0.4515625 0.5453125 0.4484375 0.5328125 0.4484375 0.5125 0.4515625 0.5015625 0.459375 0.4890625 0.471875 0.484375 0.4828125 0.484375 0.4890625 0.4875
3 0.7890625 0.475 0.8 0.478125 0.809375 0.4875 0.8140625 0.5 0.8140625 0.521875 0.8109375 0.5328125 0.8046875 0.5453125 0.796875 0.5515625 0.7828125 0.5515625 0.778125 0.5484375 0.7734375 0.5484375 0.7625 0.534375 0.759375 0.5234375 0.759375 0.5 0.7640625 0.4875 0.7703125 0.4796875 0.7875 0.475