3 0.17578125 0.90078125 0.15546875 0.19765625
3 0.04140625 0.54921875 0.07890625 0.1140625
3 0.0546875 0.47578125 0.0640625 0.0859375
3 0.12421875 0.52109375 0.07890625 0.1203125
3 0.215625 0.47734375 0.06015625 0.09609375
3 0.26328125 0.44765625 0.06015625 0.11328125
3 0.3234375 0.39375 0.04453125 0.065625
3 0.35 0.47578125 0.0390625 0.08203125
3 0.3921875 0.38046875 0.05078125 0.0984375
3 0.43203125 0.4484375 0.06640625 0.10234375
3 0.4671875 0.36640625 0.05 0.0734375
3 0.5 0.47734375 0.02890625 0.0890625
3 0.5671875 0.46015625 0.06328125 0.1140625
3 0.596875 0.41328125 0.06015625 0.09609375
3 0.665625 0.4046875 0.06015625 0.09140625
3 0.290625 0.57265625 0.06015625 0.14375