3 0.7828125 0.1875 0.7890625 0.190625 0.7984375 0.2 0.8 0.20625 0.8 0.2265625 0.796875 0.2359375 0.7828125 0.2484375 0.7765625 0.2484375 0.7671875 0.24375 0.7578125 0.2296875 0.7578125 0.2125 0.7625 0.196875 0.7703125 0.1875 0.78125 0.1875
3 0.1453125 0.20625 0.15625 0.2125 0.1640625 0.2203125 0.1703125 0.2328125 0.1703125 0.2375 0.1609375 0.2578125 0.1609375 0.265625 0.1578125 0.2671875 0.1546875 0.259375 0.146875 0.2515625 0.1265625 0.2421875 0.121875 0.2421875 0.1109375 0.2484375 0.103125 0.2484375 0.10625 0.23125 0.115625 0.2171875 0.1359375 0.20625 0.14375 0.20625
3 0.4859375 0.309375 0.49375 0.3171875 0.5 0.3328125 0.5015625 0.3671875 0.4890625 0.396875 0.478125 0.4046875 0.465625 0.4046875 0.45625 0.3984375 0.4484375 0.3859375 0.440625 0.3609375 0.440625 0.34375 0.44375 0.328125 0.45625 0.309375 0.465625 0.3046875 0.4765625 0.3046875 0.484375 0.309375
3 0.321875 0.2375 0.33125 0.24375 0.3390625 0.25625 0.34375 0.2734375 0.34375 0.2984375 0.334375 0.3234375 0.3265625 0.3328125 0.31875 0.3359375 0.3078125 0.3359375 0.3 0.33125 0.29375 0.3234375 0.284375 0.3046875 0.28125 0.2921875 0.28125 0.271875 0.2890625 0.2515625 0.3 0.240625 0.30625 0.2375 0.3203125 0.2375
3 0.3671875 0.4375 0.3765625 0.4421875 0.3875 0.453125 0.39375 0.465625 0.3984375 0.4828125 0.4 0.509375 0.3953125 0.5328125 0.3875 0.55 0.3796875 0.5609375 0.365625 0.56875 0.3546875 0.56875 0.340625 0.5609375 0.3265625 0.534375 0.321875 0.5109375 0.3234375 0.48125 0.334375 0.453125 0.346875 0.440625 0.3546875 0.4375 0.365625 0.4375
3 0.853125 0.284375 0.8609375 0.2875 0.86875 0.2953125 0.875 0.3125 0.875 0.3234375 0.871875 0.334375 0.865625 0.346875 0.8546875 0.35625 0.846875 0.35625 0.8328125 0.3484375 0.8234375 0.334375 0.8234375 0.30625 0.8296875 0.2875 0.8375 0.28125 0.8453125 0.28125 0.8515625 0.284375
3 0.475 0.68125 0.4921875 0.690625 0.5 0.7 0.5078125 0.715625 0.515625 0.7453125 0.5171875 0.7734375 0.5109375 0.8109375 0.5 0.834375 0.4875 0.8484375 0.4734375 0.8546875 0.4640625 0.8546875 0.4546875 0.8515625 0.4375 0.834375 0.4265625 0.8078125 0.421875 0.7765625 0.425 0.7359375 0.4375 0.703125 0.4515625 0.6875 0.465625 0.68125 0.4734375 0.68125
3 0.2578125 0.2515625 0.26875 0.2640625 0.2734375 0.275 0.2765625 0.2875 0.2765625 0.3140625 0.26875 0.3359375 0.2625 0.346875 0.246875 0.3546875 0.2359375 0.353125 0.2265625 0.3484375 0.2171875 0.3359375 0.2109375 0.31875 0.2109375 0.3 0.2171875 0.278125 0.2265625 0.25625 0.23125 0.2515625 0.2421875 0.2484375 0.25625 0.2515625
3 0.6109375 0.11875 0.6234375 0.1265625 0.628125 0.1453125 0.6265625 0.1578125 0.6203125 0.1703125 0.6125 0.1765625 0.603125 0.1765625 0.5953125 0.1734375 0.5890625 0.1609375 0.5859375 0.1453125 0.5890625 0.1265625 0.5984375 0.11875 0.609375 0.11875
3 0.596875 0.2140625 0.60625 0.21875 0.6109375 0.225 0.6171875 0.2453125 0.6171875 0.2546875 0.6125 0.2734375 0.609375 0.275 0.6046875 0.2859375 0.5984375 0.290625 0.5890625 0.290625 0.578125 0.284375 0.5703125 0.2703125 0.5671875 0.253125 0.5671875 0.240625 0.571875 0.225 0.5828125 0.2140625 0.5890625 0.2125 0.5953125 0.2140625
3 0.203125 0.225 0.2203125 0.2390625 0.225 0.25 0.225 0.2578125 0.2109375 0.2953125 0.2078125 0.3234375 0.2 0.3265625 0.190625 0.3265625 0.1828125 0.3234375 0.1671875 0.3078125 0.1640625 0.2953125 0.1625 0.2625 0.1703125 0.2390625 0.1796875 0.2296875 0.1875 0.225 0.2015625 0.225
3 0.1359375 0.246875 0.153125 0.259375 0.159375 0.2765625 0.1625 0.3078125 0.159375 0.321875 0.15 0.3421875 0.14375 0.3484375 0.1328125 0.353125 0.1171875 0.353125 0.103125 0.3421875 0.090625 0.3234375 0.0859375 0.3015625 0.0859375 0.290625 0.0921875 0.265625 0.1046875 0.25 0.109375 0.25 0.1203125 0.24375 0.128125 0.24375 0.134375 0.246875
3 0.3703125 0.1375 0.378125 0.1453125 0.3828125 0.1546875 0.384375 0.184375 0.375 0.2078125 0.365625 0.2125 0.35 0.2109375 0.3390625 0.196875 0.3390625 0.1921875 0.334375 0.1828125 0.334375 0.159375 0.3390625 0.146875 0.3484375 0.1375 0.36875 0.1375
3 0.2890625 0.11015625 0.05078125 0.0734375
3 0.56875 0.1578125 0.58125 0.165625 0.5859375 0.1765625 0.5875 0.190625 0.5828125 0.2109375 0.5671875 0.225 0.55625 0.2234375 0.5484375 0.215625 0.5421875 0.196875 0.5421875 0.1796875 0.5484375 0.1625 0.55625 0.1578125 0.5671875 0.1578125
3 0.746875 0.1640625 0.759375 0.1671875 0.7671875 0.175 0.7703125 0.1859375 0.7609375 0.2 0.75625 0.2203125 0.753125 0.2234375 0.740625 0.221875 0.7328125 0.2140625 0.728125 0.196875 0.7296875 0.1765625 0.7328125 0.1703125 0.7453125 0.1640625
3 0.3734375 0.8125 0.3875 0.8203125 0.4015625 0.8375 0.4109375 0.859375 0.415625 0.88125 0.4171875 0.91875 0.4125 0.9546875 0.4015625 0.9859375 0.3953125 0.9953125 0.390625 0.9984375 0.31875 0.9984375 0.3078125 0.9734375 0.303125 0.95 0.303125 0.9015625 0.3078125 0.878125 0.3171875 0.8515625 0.3328125 0.828125 0.34375 0.81875 0.3578125 0.8125 0.371875 0.8125
3 0.8 0.253125 0.8171875 0.2640625 0.8234375 0.278125 0.8234375 0.29375 0.81875 0.309375 0.8109375 0.3234375 0.80625 0.325 0.796875 0.325 0.7875 0.321875 0.778125 0.3109375 0.7734375 0.29375 0.7734375 0.2765625 0.778125 0.2625 0.7875 0.253125 0.7984375 0.253125