3 0.49296875 0.92265625 0.15859375 0.1546875
3 0.64921875 0.709375 0.10703125 0.19140625
3 0.3421875 0.63046875 0.09296875 0.15703125
3 0.16875 0.53125 0.0765625 0.13359375
3 0.29609375 0.46953125 0.0703125 0.12109375
3 0.36640625 0.4453125 0.06015625 0.115625
3 0.27578125 0.40703125 0.0515625 0.090625
3 0.43046875 0.41953125 0.05078125 0.1
3 0.4640625 0.39140625 0.05390625 0.09921875
3 0.4984375 0.3625 0.04609375 0.08125
3 0.55859375 0.40703125 0.05546875 0.10625
3 0.61640625 0.39140625 0.05078125 0.0921875
3 0.60546875 0.325 0.04296875 0.0609375
3 0.63359375 0.31484375 0.02578125 0.06875
3 0.54609375 0.34375 0.03828125 0.0484375
3 0.76953125 0.3671875 0.0453125 0.075