3 0.28671875 0.425 0.040625 0.07578125
3 0.21796875 0.50625 0.05234375 0.07890625
3 0.0953125 0.5703125 0.0828125 0.10703125
3 0.0328125 0.5515625 0.05703125 0.13828125
3 0.32109375 0.44765625 0.03671875 0.08125
3 0.31953125 0.40078125 0.04140625 0.04609375
3 0.35703125 0.4546875 0.0328125 0.05859375
3 0.36953125 0.5140625 0.0515625 0.0984375
3 0.55859375 0.53125 0.05078125 0.09296875
3 0.625 0.4984375 0.05859375 0.07890625
3 0.75234375 0.503125 0.06484375 0.0921875
3 0.509375 0.3984375 0.03671875 0.06953125
3 0.48359375 0.43984375 0.04765625 0.07265625
3 0.73359375 0.6515625 0.0609375 0.09609375
3 0.75078125 0.70078125 0.06328125 0.115625
3 0.8796875 0.63828125 0.06171875 0.09765625
3 0.89140625 0.590625 0.05546875 0.078125