3 0.07890625 0.79765625 0.1578125 0.30546875
3 0.21640625 0.340625 0.075 0.1015625
3 0.34296875 0.37109375 0.07265625 0.14296875
3 0.33203125 0.29765625 0.05625 0.078125
3 0.41953125 0.309375 0.05546875 0.09453125
3 0.54765625 0.315625 0.065625 0.0828125
3 0.64375 0.3484375 0.0640625 0.09296875
3 0.684375 0.40078125 0.078125 0.14140625
3 0.74609375 0.346875 0.0640625 0.0859375
3 0.8109375 0.496875 0.1171875 0.1796875
3 0.9 0.3921875 0.07265625 0.1171875
0 0.82578125 0.27890625 0.20546875 0.1046875