3 0.4390625 0.5796875 0.440625 0.58125 0.45 0.5796875 0.4578125 0.590625 0.465625 0.609375 0.4671875 0.6359375 0.4578125 0.665625 0.45 0.6734375 0.43125 0.671875 0.421875 0.6609375 0.415625 0.6421875 0.415625 0.61875 0.41875 0.6015625 0.4265625 0.5921875 0.4265625 0.5875 0.434375 0.58125 0.4375 0.58125
3 0.4921875 0.3640625 0.5015625 0.3765625 0.503125 0.384375 0.503125 0.40625 0.4984375 0.4171875 0.4921875 0.4234375 0.4859375 0.4234375 0.478125 0.4171875 0.471875 0.4015625 0.4734375 0.3765625 0.4828125 0.3640625 0.4875 0.3625 0.490625 0.3640625
3 0.4375 0.5421875 0.446875 0.55 0.446875 0.55625 0.45 0.5625 0.45 0.5796875 0.44375 0.578125 0.434375 0.5796875 0.4265625 0.5859375 0.4203125 0.5875 0.415625 0.5859375 0.4109375 0.5796875 0.409375 0.5640625 0.415625 0.55 0.4234375 0.5421875 0.4265625 0.540625 0.4359375 0.5421875
3 0.378125 0.3171875 0.384375 0.328125 0.3859375 0.3390625 0.3828125 0.359375 0.3734375 0.365625 0.3625 0.3609375 0.359375 0.3546875 0.3578125 0.3328125 0.359375 0.325 0.3671875 0.315625 0.3765625 0.3171875
3 0.859375 0.5625 0.8703125 0.5765625 0.8765625 0.5984375 0.875 0.6234375 0.8703125 0.6359375 0.8609375 0.6484375 0.840625 0.646875 0.83125 0.6359375 0.825 0.615625 0.825 0.5875 0.8328125 0.5671875 0.8421875 0.5609375 0.8578125 0.5625
3 0.459375 0.5296875 0.4703125 0.528125 0.4828125 0.5328125 0.4890625 0.5375 0.49375 0.5546875 0.49375 0.5734375 0.4890625 0.5921875 0.478125 0.60625 0.4671875 0.6078125 0.4546875 0.5859375 0.45 0.5609375 0.45 0.546875 0.459375 0.53125
3 0.3421875 0.4359375 0.3484375 0.4375 0.353125 0.4421875 0.3578125 0.45 0.3609375 0.4640625 0.3609375 0.478125 0.35625 0.4953125 0.346875 0.5046875 0.3359375 0.5046875 0.33125 0.5015625 0.321875 0.4828125 0.3234375 0.4515625 0.3328125 0.4375 0.340625 0.4359375
3 0.2171875 0.45 0.2265625 0.4578125 0.23125 0.465625 0.234375 0.4765625 0.234375 0.5 0.228125 0.515625 0.2234375 0.5203125 0.215625 0.5234375 0.209375 0.5234375 0.2 0.515625 0.1953125 0.5078125 0.1921875 0.49375 0.1921875 0.484375 0.196875 0.4640625 0.2078125 0.4515625 0.215625 0.45
3 0.475 0.4875 0.4859375 0.5 0.4890625 0.509375 0.490625 0.5359375 0.4875 0.5375 0.4828125 0.5328125 0.46875 0.528125 0.459375 0.53125 0.45 0.54375 0.446875 0.53125 0.446875 0.51875 0.45 0.5046875 0.4625 0.4875 0.4734375 0.4875
3 0.459375 0.2859375 0.4640625 0.2875 0.46875 0.3 0.4671875 0.3203125 0.4609375 0.328125 0.4515625 0.328125 0.4453125 0.315625 0.446875 0.2921875 0.45 0.2875 0.4578125 0.2859375
3 0.5609375 0.4765625 0.03984375 0.071875
3 0.5578125 0.3078125 0.5640625 0.3125 0.565625 0.3171875 0.5671875 0.3421875 0.5640625 0.3515625 0.55625 0.35625 0.55 0.3546875 0.54375 0.3484375 0.540625 0.3328125 0.5453125 0.3125 0.5515625 0.3078125 0.55625 0.3078125
3 0.6546875 0.5109375 0.6625 0.5125 0.66875 0.51875 0.6765625 0.5375 0.678125 0.5625 0.6765625 0.5734375 0.671875 0.584375 0.6609375 0.59375 0.65 0.59375 0.640625 0.5859375 0.634375 0.5703125 0.6328125 0.5609375 0.634375 0.5328125 0.64375 0.515625 0.646875 0.5125 0.653125 0.5125
3 0.4890625 0.2859375 0.49375 0.2890625 0.4984375 0.303125 0.496875 0.321875 0.4921875 0.3296875 0.48125 0.328125 0.4765625 0.3234375 0.4734375 0.3109375 0.4734375 0.3015625 0.478125 0.2890625 0.4828125 0.2859375 0.4875 0.2859375
3 0.4 0.56875 0.4078125 0.575 0.4125 0.5859375 0.4140625 0.6453125 0.4078125 0.65625 0.3984375 0.6609375 0.3890625 0.6609375 0.38125 0.6546875 0.3734375 0.640625 0.3703125 0.6265625 0.3703125 0.6 0.3734375 0.5875 0.38125 0.575 0.390625 0.56875 0.3984375 0.56875
3 0.584375 0.303125 0.5921875 0.309375 0.5953125 0.315625 0.596875 0.334375 0.5921875 0.3484375 0.5890625 0.3515625 0.5796875 0.3515625 0.575 0.346875 0.5703125 0.3328125 0.571875 0.3140625 0.5765625 0.30625 0.5828125 0.3046875
3 0.4171875 0.37890625 0.03203125 0.05859375
3 0.8015625 0.5140625 0.815625 0.525 0.8234375 0.5515625 0.8234375 0.565625 0.8203125 0.5796875 0.8140625 0.590625 0.80625 0.596875 0.7953125 0.596875 0.7828125 0.5859375 0.7765625 0.5640625 0.7765625 0.5453125 0.7828125 0.525 0.7921875 0.515625 0.8 0.5140625