3 0.76875 0.5390625 0.7765625 0.546875 0.7859375 0.5640625 0.7921875 0.5890625 0.790625 0.6078125 0.7875 0.6171875 0.7796875 0.634375 0.7734375 0.6375 0.759375 0.6359375 0.7515625 0.63125 0.7453125 0.6234375 0.7390625 0.6078125 0.7359375 0.5921875 0.7359375 0.5671875 0.740625 0.5515625 0.7546875 0.5375 0.7671875 0.5390625
3 0.4734375 0.425 0.484375 0.4375 0.49375 0.4625 0.49375 0.478125 0.4875 0.4984375 0.48125 0.50625 0.475 0.509375 0.46875 0.509375 0.459375 0.503125 0.453125 0.49375 0.446875 0.4734375 0.4484375 0.4375 0.4578125 0.425 0.471875 0.425
3 0.05 0.6328125 0.065625 0.6375 0.08125 0.6515625 0.0890625 0.665625 0.0921875 0.6796875 0.090625 0.709375 0.0828125 0.73125 0.0703125 0.7484375 0.05625 0.75625 0.0390625 0.75625 0.025 0.7484375 0.0140625 0.7359375 0.003125 0.70625 0.003125 0.68125 0.0078125 0.6625 0.0140625 0.65 0.0265625 0.6375 0.03125 0.6375 0.040625 0.6328125 0.0484375 0.6328125
3 0.3703125 0.378125 0.3828125 0.3875 0.390625 0.4 0.39375 0.4109375 0.3921875 0.446875 0.3875 0.453125 0.378125 0.4578125 0.36875 0.4578125 0.3609375 0.4515625 0.3484375 0.4234375 0.3484375 0.3984375 0.3515625 0.3890625 0.3609375 0.3796875 0.36875 0.378125
3 0.990625 0.4890625 0.9984375 0.49375 0.9984375 0.575 0.98125 0.5734375 0.971875 0.5640625 0.9640625 0.5484375 0.9609375 0.528125 0.9609375 0.51875 0.965625 0.5 0.9734375 0.490625 0.9796875 0.4875 0.9890625 0.4890625
3 0.3140625 0.5234375 0.31875 0.525 0.325 0.53125 0.3375 0.5515625 0.340625 0.5625 0.340625 0.5890625 0.328125 0.615625 0.3203125 0.6234375 0.3109375 0.625 0.3 0.621875 0.290625 0.6109375 0.2796875 0.584375 0.278125 0.5625 0.2828125 0.540625 0.290625 0.528125 0.303125 0.521875 0.3125 0.5234375
3 0.61875 0.3890625 0.63125 0.4015625 0.640625 0.425 0.6390625 0.4484375 0.6328125 0.459375 0.621875 0.465625 0.6140625 0.4640625 0.6078125 0.459375 0.5984375 0.4359375 0.6 0.4015625 0.60625 0.3921875 0.6171875 0.3890625
3 0.4109375 0.3703125 0.43125 0.4 0.4390625 0.415625 0.4421875 0.4328125 0.4390625 0.4328125 0.4375 0.425 0.4296875 0.4125 0.4171875 0.4140625 0.4140625 0.41875 0.403125 0.4234375 0.396875 0.4234375 0.396875 0.4140625 0.3859375 0.3921875 0.3859375 0.3828125 0.3890625 0.375 0.39375 0.3703125 0.396875 0.36875 0.409375 0.3703125
3 0.5125 0.51875 0.5203125 0.528125 0.528125 0.54375 0.5328125 0.5625 0.53125 0.5828125 0.5265625 0.5984375 0.5203125 0.6109375 0.5125 0.615625 0.5015625 0.615625 0.490625 0.6078125 0.4828125 0.5921875 0.4765625 0.5625 0.478125 0.54375 0.484375 0.5265625 0.496875 0.515625 0.5078125 0.515625 0.5109375 0.51875
3 0.428125 0.415625 0.4375 0.4265625 0.44375 0.44375 0.44375 0.471875 0.4375 0.4859375 0.421875 0.49375 0.4125 0.490625 0.4078125 0.4859375 0.4 0.4703125 0.396875 0.4578125 0.396875 0.434375 0.3984375 0.425 0.409375 0.415625 0.4171875 0.4140625 0.4265625 0.415625
3 0.63125 0.3375 0.6359375 0.340625 0.6421875 0.35 0.6515625 0.375 0.65 0.3921875 0.6390625 0.40625 0.6359375 0.40625 0.615625 0.384375 0.6125 0.3734375 0.6140625 0.35 0.621875 0.3390625 0.6296875 0.3375
3 0.1546875 0.65 0.1734375 0.6625 0.1859375 0.68125 0.1890625 0.696875 0.1890625 0.7234375 0.175 0.759375 0.159375 0.7734375 0.153125 0.775 0.134375 0.7734375 0.11875 0.759375 0.109375 0.74375 0.1046875 0.7234375 0.10625 0.690625 0.115625 0.66875 0.1328125 0.6515625 0.153125 0.65
3 0.8328125 0.4890625 0.8453125 0.5046875 0.853125 0.525 0.8546875 0.5359375 0.853125 0.5546875 0.8453125 0.571875 0.8328125 0.5765625 0.81875 0.5734375 0.8140625 0.56875 0.80625 0.5546875 0.8015625 0.5328125 0.803125 0.509375 0.8109375 0.49375 0.81875 0.4875 0.83125 0.4890625
3 0.403125 0.3671875 0.4109375 0.3703125 0.415625 0.378125 0.4015625 0.384375 0.39375 0.39375 0.39375 0.3984375 0.390625 0.3984375 0.3859375 0.3921875 0.384375 0.384375 0.3921875 0.3703125 0.396875 0.3671875 0.4015625 0.3671875