3 0.48203125 0.67109375 0.11796875 0.25078125
3 0.31015625 0.73515625 0.1421875 0.2984375
3 0.49765625 0.31796875 0.109375 0.19140625
3 0.68125 0.2265625 0.07890625 0.175
3 0.89453125 0.1859375 0.090625 0.14140625
3 0.89296875 0.090625 0.08046875 0.09375
3 0.97265625 0.06640625 0.0546875 0.1203125
3 0.5515625 0.096875 0.07421875 0.16875
3 0.6421875 0.028125 0.078125 0.05546875
3 0.4765625 0.07734375 0.07734375 0.13046875
3 0.36875 0.05078125 0.0859375 0.1015625
3 0.4328125 0.053125 0.090625 0.10625