3 0.33125 0.325 0.3453125 0.3515625 0.3453125 0.35625 0.353125 0.371875 0.35625 0.3875 0.35625 0.4078125 0.353125 0.41875 0.3453125 0.428125 0.3359375 0.4328125 0.321875 0.4328125 0.3125 0.421875 0.30625 0.40625 0.3 0.375 0.3 0.35 0.30625 0.3328125 0.3125 0.325 0.3171875 0.3234375 0.3296875 0.325
3 0.30625 0.53125 0.3171875 0.540625 0.325 0.55625 0.334375 0.603125 0.334375 0.625 0.328125 0.6484375 0.3171875 0.6671875 0.3078125 0.6734375 0.2875 0.6734375 0.278125 0.665625 0.26875 0.6484375 0.2609375 0.60625 0.2625 0.56875 0.271875 0.54375 0.2765625 0.5375 0.2890625 0.5296875 0.2984375 0.528125 0.3046875 0.53125
3 0.1328125 0.7625 0.1421875 0.7671875 0.153125 0.7765625 0.165625 0.8015625 0.1734375 0.84375 0.1734375 0.8703125 0.1640625 0.90625 0.1546875 0.9234375 0.1515625 0.925 0.1515625 0.928125 0.1328125 0.946875 0.11875 0.95 0.109375 0.95 0.0953125 0.9453125 0.0828125 0.93125 0.071875 0.90625 0.0671875 0.884375 0.065625 0.8546875 0.06875 0.828125 0.0765625 0.803125 0.084375 0.7890625 0.096875 0.775 0.109375 0.765625 0.1171875 0.7625 0.13125 0.7625
3 0.003125 0.7828125 0.00625 0.784375 0.0171875 0.803125 0.028125 0.840625 0.0265625 0.884375 0.0140625 0.9171875 0.0046875 0.9296875 0.003125 0.928125 0 0.9203125 0 0.88125 0.003125 0.871875 0.0015625 0.8609375 0.003125 0.8578125 0.003125 0.8234375 0 0.8171875 0.003125 0.8125 0.003125 0.784375
3 0.365625 0.303125 0.3765625 0.3125 0.3796875 0.3265625 0.378125 0.328125 0.3578125 0.328125 0.3484375 0.3390625 0.3453125 0.3390625 0.340625 0.334375 0.340625 0.321875 0.34375 0.3125 0.353125 0.303125 0.3640625 0.303125
3 0.603125 0.27578125 0.040625 0.0734375
3 0.3796875 0.340625 0.4015625 0.3578125 0.4078125 0.365625 0.4171875 0.390625 0.41875 0.409375 0.421875 0.415625 0.4234375 0.428125 0.4203125 0.45625 0.4078125 0.471875 0.3921875 0.4734375 0.3859375 0.4703125 0.378125 0.459375 0.365625 0.4140625 0.3625 0.3828125 0.3671875 0.375 0.365625 0.3625 0.371875 0.3578125 0.371875 0.353125 0.378125 0.346875 0.3796875 0.3421875
3 0.3828125 0.325 0.3875 0.3265625 0.3953125 0.334375 0.4046875 0.35625 0.4 0.3578125 0.3859375 0.3453125 0.38125 0.3359375 0.3796875 0.3296875 0.38125 0.3265625
3 0.4625 0.36875 0.4703125 0.3765625 0.4765625 0.3921875 0.484375 0.4375 0.4828125 0.459375 0.4796875 0.46875 0.4734375 0.4796875 0.4640625 0.4859375 0.4515625 0.484375 0.4421875 0.475 0.434375 0.4515625 0.4296875 0.41875 0.43125 0.39375 0.4390625 0.375 0.4484375 0.3671875 0.4609375 0.36875
3 0.615625 0.3125 0.61875 0.3140625 0.6265625 0.34375 0.6265625 0.353125 0.6296875 0.3625 0.6296875 0.3859375 0.6234375 0.4015625 0.61875 0.40625 0.6125 0.4078125 0.60625 0.4078125 0.6 0.4046875 0.59375 0.3984375 0.590625 0.390625 0.5859375 0.3640625 0.5859375 0.334375 0.5875 0.325 0.5921875 0.315625 0.6 0.3125 0.6140625 0.3125
3 0.5390625 0.4859375 0.55 0.5 0.5546875 0.5140625 0.559375 0.55625 0.5578125 0.5859375 0.5484375 0.609375 0.5390625 0.6171875 0.521875 0.6171875 0.5125 0.6109375 0.5015625 0.584375 0.4984375 0.55625 0.4984375 0.5265625 0.5046875 0.5015625 0.5125 0.4890625 0.5234375 0.4828125 0.534375 0.4828125 0.5375 0.4859375
3 0.8546875 0.3953125 0.8640625 0.403125 0.86875 0.4125 0.8765625 0.4625 0.8765625 0.4828125 0.871875 0.4984375 0.86875 0.5046875 0.859375 0.509375 0.846875 0.509375 0.8375 0.503125 0.8265625 0.4765625 0.8234375 0.4578125 0.8234375 0.425 0.8265625 0.4125 0.83125 0.403125 0.8375 0.396875 0.84375 0.39375 0.853125 0.3953125
3 0.8109375 0.4640625 0.825 0.4765625 0.83125 0.490625 0.8375 0.534375 0.8375 0.5609375 0.834375 0.5734375 0.83125 0.575 0.828125 0.5828125 0.821875 0.5890625 0.8125 0.59375 0.8046875 0.59375 0.7921875 0.5859375 0.784375 0.5734375 0.7796875 0.5515625 0.7796875 0.4984375 0.784375 0.4828125 0.7953125 0.4671875 0.8015625 0.4640625 0.809375 0.4640625
3 0.9765625 0.3765625 0.9890625 0.371875 0.9984375 0.3734375 0.9984375 0.48125 0.996875 0.4828125 0.990625 0.4828125 0.9765625 0.4734375 0.9703125 0.4578125 0.965625 0.4078125 0.96875 0.390625 0.9765625 0.378125