3 0.36796875 0.5125 0.05078125 0.0796875
3 0.21796875 0.50703125 0.05234375 0.08046875
3 0.08984375 0.578125 0.0703125 0.1
3 0.025 0.56640625 0.05 0.12421875
3 0.28515625 0.42421875 0.0390625 0.078125
3 0.32109375 0.4484375 0.0390625 0.0671875
3 0.35546875 0.4484375 0.034375 0.05859375
3 0.31875 0.41171875 0.03203125 0.040625
3 0.484375 0.43515625 0.04609375 0.071875
3 0.51015625 0.3984375 0.0375 0.0625
3 0.5609375 0.5203125 0.05703125 0.07109375
3 0.61953125 0.4984375 0.046875 0.0828125
3 0.753125 0.503125 0.05078125 0.06953125
3 0.878125 0.63203125 0.05390625 0.08828125
3 0.88984375 0.58828125 0.04921875 0.06796875
3 0.7375 0.64765625 0.06171875 0.0953125
3 0.7515625 0.70546875 0.06484375 0.128125