3 0.0875 0.93828125 0.10703125 0.1234375
3 0.31484375 0.9328125 0.1203125 0.134375
3 0.36484375 0.796875 0.07265625 0.11640625
3 0.3359375 0.68828125 0.04921875 0.075
3 0.42109375 0.690625 0.04921875 0.11171875
3 0.60859375 0.8140625 0.06640625 0.103125
3 0.596875 0.7171875 0.05390625 0.071875
3 0.60703125 0.659375 0.03984375 0.0515625
3 0.67734375 0.7046875 0.05390625 0.08359375
3 0.73125 0.69609375 0.046875 0.0734375
3 0.77734375 0.75625 0.06328125 0.08671875
3 0.83125 0.690625 0.05546875 0.0953125
3 0.86953125 0.77109375 0.05546875 0.11328125
3 0.88359375 0.86015625 0.07109375 0.125
3 0.9515625 0.85234375 0.07265625 0.06875
3 0.90234375 0.68984375 0.0453125 0.08125