3 0.01953125 0.5625 0.0390625 0.103125
3 0.08828125 0.57265625 0.0671875 0.09921875
3 0.21484375 0.51015625 0.04765625 0.0796875
3 0.28203125 0.42109375 0.0296875 0.0734375
3 0.31171875 0.40234375 0.0328125 0.05859375
3 0.31796875 0.428125 0.03515625 0.06640625
3 0.35546875 0.4453125 0.03515625 0.08359375
3 0.36171875 0.50546875 0.0390625 0.0640625
3 0.47890625 0.4265625 0.03984375 0.0625
3 0.50390625 0.39453125 0.03359375 0.08671875
3 0.553125 0.52109375 0.04375 0.09609375
3 0.61875 0.49453125 0.04140625 0.07578125
3 0.74765625 0.4953125 0.03359375 0.07734375
3 0.73125 0.6421875 0.05 0.0875
3 0.7453125 0.696875 0.04296875 0.0921875
3 0.87421875 0.6171875 0.04140625 0.07734375
3 0.8859375 0.5859375 0.04921875 0.06953125