3 0.290625 0.7609375 0.1140625 0.140625
3 0.06875 0.78359375 0.10546875 0.19375
3 0.3296875 0.6171875 0.06328125 0.1109375
3 0.3109375 0.50859375 0.06015625 0.1
3 0.57109375 0.62265625 0.05546875 0.09765625
3 0.740625 0.5765625 0.06484375 0.096875
3 0.78359375 0.50625 0.05390625 0.07890625
3 0.85390625 0.53984375 0.05859375 0.09140625
3 0.8765625 0.4984375 0.05 0.06328125
3 0.98671875 0.5265625 0.0265625 0.09375
3 0.98984375 0.66953125 0.0203125 0.10859375
3 0.8984375 0.66328125 0.0640625 0.07578125
3 0.8328125 0.66484375 0.06796875 0.1109375
3 0.82421875 0.58828125 0.05703125 0.08046875
3 0.69296875 0.51484375 0.03828125 0.06484375
3 0.64609375 0.525 0.0515625 0.06953125
3 0.56796875 0.53125 0.05546875 0.07734375
3 0.5734375 0.475 0.0390625 0.05234375
3 0.525 0.51640625 0.03203125 0.0875
3 0.390625 0.503125 0.03828125 0.08125