3 0.28203125 0.809375 0.12265625 0.225
3 0.12734375 0.61953125 0.10390625 0.13515625
3 0.10859375 0.4765625 0.06953125 0.0875
3 0.0484375 0.4734375 0.06953125 0.09375
3 0.03046875 0.41875 0.05 0.07890625
3 0.25625 0.42109375 0.0640625 0.09140625
3 0.2875 0.346875 0.05390625 0.08125
3 0.32578125 0.38984375 0.0625 0.0890625
3 0.453125 0.4796875 0.06484375 0.1171875
3 0.415625 0.36484375 0.04375 0.0703125
3 0.45234375 0.33828125 0.0484375 0.053125
3 0.53359375 0.375 0.06484375 0.09765625
3 0.52265625 0.296875 0.04765625 0.07265625
3 0.57578125 0.29453125 0.0515625 0.0890625
3 0.596875 0.36796875 0.03046875 0.05703125
3 0.7046875 0.2671875 0.040625 0.053125
3 0.740625 0.41171875 0.05546875 0.11640625
3 0.69296875 0.38828125 0.04765625 0.0703125
3 0.78828125 0.346875 0.05859375 0.07421875
3 0.87265625 0.3515625 0.071875 0.090625