3 0.43515625 0.946875 0.165625 0.10546875
3 0.6453125 0.76328125 0.1203125 0.17734375
3 0.35390625 0.6390625 0.10546875 0.159375
3 0.21484375 0.528125 0.0859375 0.12734375
3 0.13984375 0.5265625 0.07421875 0.1078125
3 0.340625 0.47734375 0.0609375 0.09609375
3 0.409375 0.46015625 0.075 0.1015625
3 0.4734375 0.43671875 0.05625 0.0875
3 0.5078125 0.40859375 0.05078125 0.078125
3 0.5484375 0.38125 0.05703125 0.075
3 0.59765625 0.36015625 0.06796875 0.0921875
3 0.60859375 0.43671875 0.05703125 0.09140625
3 0.67109375 0.4203125 0.07421875 0.0859375
3 0.66484375 0.35390625 0.0484375 0.06875
3 0.82109375 0.4390625 0.06171875 0.0765625
3 0.828125 0.41640625 0.06875 0.07109375