3 0.3453125 0.25625 0.3515625 0.2625 0.3546875 0.271875 0.353125 0.2953125 0.3453125 0.3046875 0.334375 0.303125 0.328125 0.29375 0.3265625 0.2859375 0.3265625 0.271875 0.3296875 0.2625 0.3375 0.2546875 0.34375 0.25625
3 0.1390625 0.3640625 0.1484375 0.375 0.153125 0.3875 0.153125 0.4109375 0.146875 0.4265625 0.140625 0.4328125 0.134375 0.434375 0.1234375 0.4328125 0.1140625 0.421875 0.109375 0.409375 0.109375 0.384375 0.1125 0.375 0.121875 0.3640625 0.125 0.3625 0.1375 0.3640625
3 0.26875 0.36875 0.275 0.375 0.2796875 0.3875 0.28125 0.4078125 0.2734375 0.4296875 0.265625 0.4359375 0.25625 0.4359375 0.25 0.4328125 0.24375 0.4234375 0.2390625 0.4078125 0.2390625 0.390625 0.24375 0.3765625 0.2515625 0.36875 0.2546875 0.3671875 0.2671875 0.36875
3 0.371875 0.2953125 0.3796875 0.3 0.3859375 0.315625 0.3859375 0.3296875 0.3828125 0.3421875 0.38125 0.346875 0.375 0.3515625 0.3640625 0.35 0.359375 0.3453125 0.3546875 0.3328125 0.35625 0.30625 0.359375 0.3 0.365625 0.2953125 0.3703125 0.2953125
3 0.4390625 0.259375 0.0265625 0.04609375
3 0.46796875 0.2640625 0.0265625 0.046875
3 0.265625 0.5078125 0.2765625 0.515625 0.278125 0.5234375 0.2734375 0.5375 0.2734375 0.5515625 0.26875 0.571875 0.26875 0.59375 0.2625 0.5984375 0.2484375 0.5984375 0.2390625 0.5890625 0.23125 0.5734375 0.228125 0.546875 0.2328125 0.525 0.240625 0.5125 0.2515625 0.50625 0.2640625 0.5078125
3 0.309375 0.484375 0.3171875 0.4875 0.3265625 0.4984375 0.3296875 0.525 0.328125 0.5484375 0.3234375 0.5484375 0.31875 0.5375 0.3109375 0.5296875 0.2984375 0.5234375 0.2828125 0.521875 0.2796875 0.5203125 0.278125 0.515625 0.28125 0.5046875 0.2890625 0.4921875 0.3 0.484375 0.3078125 0.484375
3 0.2796875 0.5203125 0.3015625 0.525 0.3140625 0.5328125 0.3265625 0.5515625 0.328125 0.5609375 0.328125 0.5796875 0.3171875 0.6109375 0.3078125 0.61875 0.2984375 0.621875 0.2859375 0.6171875 0.278125 0.609375 0.2703125 0.5921875 0.2703125 0.5703125 0.2734375 0.5578125 0.275 0.5328125 0.2796875 0.521875
3 0.4390625 0.3171875 0.4484375 0.325 0.453125 0.3390625 0.453125 0.353125 0.4484375 0.3703125 0.446875 0.3734375 0.4390625 0.3765625 0.428125 0.3734375 0.4203125 0.3578125 0.421875 0.328125 0.428125 0.3203125 0.4328125 0.3171875 0.4375 0.3171875
3 0.5328125 0.2734375 0.5359375 0.275 0.5390625 0.28125 0.5421875 0.29375 0.540625 0.30625 0.5328125 0.321875 0.521875 0.321875 0.515625 0.3109375 0.5140625 0.303125 0.5140625 0.2875 0.51875 0.2765625 0.5234375 0.2734375 0.53125 0.2734375
3 0.3734375 0.4375 0.3796875 0.4421875 0.3890625 0.4625 0.3890625 0.4875 0.3859375 0.4984375 0.3796875 0.5078125 0.371875 0.4859375 0.359375 0.4734375 0.3421875 0.475 0.3421875 0.4625 0.35 0.4453125 0.3578125 0.4375 0.371875 0.4375
3 0.3640625 0.478125 0.3703125 0.484375 0.3765625 0.5 0.378125 0.5234375 0.3765625 0.5328125 0.3703125 0.546875 0.3625 0.55625 0.3546875 0.559375 0.3421875 0.55625 0.3328125 0.5421875 0.328125 0.5 0.33125 0.4890625 0.3421875 0.475 0.359375 0.475 0.3625 0.478125
3 0.5671875 0.275 0.571875 0.2875 0.571875 0.3078125 0.5671875 0.31875 0.5625 0.321875 0.55625 0.321875 0.5515625 0.31875 0.5453125 0.3 0.5453125 0.2890625 0.5515625 0.275 0.55625 0.2734375 0.565625 0.275
3 0.4796875 0.403125 0.4859375 0.4046875 0.49375 0.4125 0.5 0.4328125 0.5 0.4484375 0.490625 0.471875 0.48125 0.4765625 0.46875 0.4734375 0.459375 0.4515625 0.4609375 0.4203125 0.46875 0.4078125 0.4734375 0.4046875 0.478125 0.4046875
3 0.559375 0.4921875 0.5703125 0.50625 0.575 0.534375 0.5734375 0.5484375 0.56875 0.5609375 0.5609375 0.5734375 0.553125 0.5765625 0.5421875 0.575 0.5359375 0.5703125 0.528125 0.5546875 0.525 0.5421875 0.525 0.5265625 0.53125 0.503125 0.5453125 0.490625 0.5578125 0.4921875
3 0.709375 0.5171875 0.7203125 0.525 0.7265625 0.5375 0.728125 0.5734375 0.7125 0.6015625 0.70625 0.6046875 0.6953125 0.603125 0.6875 0.596875 0.678125 0.571875 0.678125 0.55 0.6828125 0.5328125 0.6875 0.525 0.7 0.5171875 0.7078125 0.5171875
3 0.746875 0.5734375 0.7515625 0.575 0.7640625 0.590625 0.76875 0.60625 0.76875 0.634375 0.7609375 0.65625 0.7515625 0.6671875 0.7453125 0.6703125 0.7328125 0.66875 0.7234375 0.6609375 0.7171875 0.6484375 0.7125 0.625 0.7140625 0.6015625 0.71875 0.5890625 0.7296875 0.575 0.734375 0.575 0.7390625 0.571875 0.7453125 0.5734375