3 0.0515625 0.62109375 0.0828125 0.10625
3 0.25078125 0.65703125 0.09140625 0.1625
3 0.3578125 0.64453125 0.08203125 0.15234375
3 0.17734375 0.65859375 0.0953125 0.165625
3 0.6921875 0.6328125 0.0890625 0.14609375
3 0.9609375 0.6359375 0.078125 0.15234375
3 0.6296875 0.58203125 0.034375 0.06796875
3 0.5921875 0.584375 0.03046875 0.065625
3 0.55703125 0.6140625 0.07734375 0.12421875
3 0.51015625 0.57578125 0.02890625 0.08671875
3 0.478125 0.59921875 0.04765625 0.10625
3 0.39453125 0.62578125 0.05625 0.1359375