3 0.76953125 0.5703125 0.075 0.13203125
3 0.72578125 0.51796875 0.0671875 0.11015625
3 0.57265625 0.5015625 0.071875 0.1171875
3 0.496875 0.4109375 0.05390625 0.09140625
3 0.5296875 0.2625 0.04140625 0.071875
3 0.56484375 0.26484375 0.0421875 0.08828125
3 0.39296875 0.44140625 0.0578125 0.0921875
3 0.3828125 0.49296875 0.05859375 0.09609375
3 0.33125 0.55859375 0.06640625 0.12734375
3 0.28359375 0.53359375 0.0765625 0.10625
3 0.33046875 0.48046875 0.0625 0.0671875
3 0.44609375 0.31796875 0.04140625 0.0640625
3 0.43828125 0.22734375 0.0375 0.06171875
3 0.47109375 0.23828125 0.03984375 0.071875
3 0.34140625 0.2515625 0.0375 0.09375
3 0.37578125 0.29765625 0.05546875 0.0828125
3 0.28046875 0.38515625 0.05390625 0.090625
3 0.14765625 0.390625 0.06015625 0.090625