3 0.1390625 0.740625 0.16171875 0.26796875
3 0.27109375 0.334375 0.07890625 0.10625
3 0.384375 0.35546875 0.05625 0.08671875
3 0.378125 0.28984375 0.04375 0.07734375
3 0.45078125 0.29140625 0.05234375 0.08125
3 0.5828125 0.30546875 0.03671875 0.10390625
3 0.68515625 0.33515625 0.03828125 0.07890625
3 0.72890625 0.3875 0.06953125 0.12890625
3 0.78671875 0.34609375 0.05546875 0.1015625
3 0.85390625 0.4875 0.09453125 0.1625
3 0.9515625 0.390625 0.06796875 0.1125
0 0.87265625 0.27578125 0.22109375 0.0984375