3 0.21171875 0.5109375 0.059375 0.09609375
3 0.103125 0.57421875 0.09296875 0.1078125
3 0.0265625 0.56796875 0.053125 0.1140625
3 0.365625 0.50234375 0.04765625 0.09609375
3 0.28203125 0.4234375 0.04609375 0.0765625
3 0.31640625 0.44453125 0.03671875 0.07890625
3 0.35703125 0.4515625 0.04296875 0.06875
3 0.31328125 0.40234375 0.03671875 0.03828125
3 0.4828125 0.43828125 0.04453125 0.08515625
3 0.50703125 0.39921875 0.03125 0.05859375
3 0.5546875 0.528125 0.053125 0.07109375
3 0.621875 0.490625 0.04296875 0.084375
3 0.7515625 0.4953125 0.0484375 0.08515625
3 0.734375 0.64921875 0.0578125 0.0984375
3 0.746875 0.69921875 0.06328125 0.10859375
3 0.87578125 0.62421875 0.0546875 0.096875
3 0.8875 0.5828125 0.05 0.08125