3 0.80625 0.1984375 0.815625 0.2 0.8296875 0.2140625 0.8359375 0.228125 0.8359375 0.24375 0.8296875 0.2578125 0.8171875 0.2640625 0.8046875 0.2609375 0.7921875 0.246875 0.7890625 0.2375 0.790625 0.2140625 0.796875 0.203125 0.8046875 0.1984375
3 0.634375 0.121875 0.6484375 0.1296875 0.6578125 0.146875 0.659375 0.15625 0.6578125 0.16875 0.6515625 0.18125 0.6453125 0.1859375 0.6375 0.1859375 0.6296875 0.1828125 0.6203125 0.171875 0.6171875 0.1609375 0.615625 0.14375 0.61875 0.1296875 0.621875 0.125 0.6328125 0.121875
3 0.4953125 0.3078125 0.503125 0.3125 0.5140625 0.325 0.521875 0.35 0.521875 0.3734375 0.51875 0.3859375 0.509375 0.4015625 0.4953125 0.4109375 0.484375 0.409375 0.471875 0.396875 0.465625 0.384375 0.459375 0.3625 0.459375 0.3421875 0.4625 0.328125 0.46875 0.315625 0.48125 0.30625 0.49375 0.3078125
3 0.3796875 0.4375 0.396875 0.453125 0.403125 0.4640625 0.4109375 0.49375 0.4109375 0.5203125 0.4078125 0.5359375 0.396875 0.5578125 0.3875 0.56875 0.3765625 0.5734375 0.3640625 0.571875 0.359375 0.56875 0.35 0.5609375 0.3421875 0.546875 0.3328125 0.5171875 0.3328125 0.484375 0.3375 0.465625 0.34375 0.453125 0.3609375 0.4375 0.378125 0.4375
3 0.865625 0.3 0.8796875 0.2984375 0.8890625 0.303125 0.8984375 0.3125 0.90625 0.325 0.9109375 0.3421875 0.9109375 0.3546875 0.9078125 0.365625 0.896875 0.378125 0.8859375 0.38125 0.8703125 0.3734375 0.8609375 0.3609375 0.85625 0.3359375 0.8578125 0.3140625 0.865625 0.3015625
3 0.4734375 0.6921875 0.490625 0.7 0.5015625 0.7125 0.5140625 0.7421875 0.5171875 0.7625 0.51875 0.7875 0.515625 0.8203125 0.50625 0.8484375 0.496875 0.8640625 0.4859375 0.8734375 0.4734375 0.878125 0.4625 0.878125 0.4515625 0.8734375 0.440625 0.8609375 0.43125 0.8453125 0.4234375 0.8140625 0.421875 0.771875 0.425 0.75 0.4328125 0.725 0.4421875 0.709375 0.4515625 0.7 0.4640625 0.69375 0.471875 0.69375
3 0.2703125 0.2421875 0.28125 0.25 0.290625 0.2625 0.296875 0.2796875 0.2984375 0.2953125 0.29375 0.3203125 0.2875 0.334375 0.2734375 0.346875 0.265625 0.3484375 0.253125 0.34375 0.240625 0.3296875 0.2328125 0.3125 0.23125 0.2953125 0.2359375 0.2640625 0.246875 0.2453125 0.25625 0.240625 0.26875 0.2421875
3 0.3390625 0.2328125 0.346875 0.2375 0.3578125 0.25 0.365625 0.275 0.365625 0.2953125 0.3625 0.30625 0.3546875 0.3234375 0.340625 0.33125 0.3265625 0.3296875 0.3171875 0.321875 0.3046875 0.296875 0.3015625 0.28125 0.3015625 0.26875 0.3046875 0.2546875 0.3125 0.240625 0.3234375 0.2328125 0.3375 0.2328125
3 0.615625 0.2171875 0.6328125 0.2296875 0.640625 0.2421875 0.64375 0.253125 0.6421875 0.278125 0.6328125 0.2953125 0.6234375 0.3 0.6109375 0.2984375 0.6 0.2859375 0.59375 0.26875 0.5921875 0.2578125 0.59375 0.2375 0.5984375 0.2265625 0.6140625 0.2171875
3 0.2203125 0.215625 0.2359375 0.225 0.2453125 0.240625 0.2453125 0.246875 0.2359375 0.2625 0.23125 0.28125 0.2296875 0.29375 0.23125 0.309375 0.2296875 0.3140625 0.225 0.3171875 0.209375 0.315625 0.1984375 0.30625 0.190625 0.2953125 0.184375 0.2703125 0.184375 0.24375 0.190625 0.228125 0.2046875 0.215625 0.209375 0.2140625 0.21875 0.215625
3 0.1421875 0.2296875 0.15625 0.23125 0.16875 0.2390625 0.178125 0.253125 0.1828125 0.275 0.184375 0.303125 0.1796875 0.3171875 0.1765625 0.3234375 0.1640625 0.3359375 0.15625 0.3390625 0.1421875 0.3390625 0.134375 0.3359375 0.121875 0.3234375 0.109375 0.29375 0.109375 0.265625 0.1125 0.2546875 0.125 0.2375 0.140625 0.2296875
3 0.3890625 0.134375 0.396875 0.1375 0.403125 0.14375 0.4078125 0.1515625 0.4125 0.1703125 0.4078125 0.1953125 0.396875 0.2109375 0.3828125 0.2109375 0.3765625 0.2078125 0.36875 0.1984375 0.359375 0.1734375 0.359375 0.1578125 0.365625 0.1390625 0.375 0.1328125 0.3875 0.134375
3 0.31875 0.06875 0.3328125 0.0765625 0.340625 0.0890625 0.3421875 0.096875 0.3421875 0.11875 0.3359375 0.1359375 0.3296875 0.140625 0.315625 0.140625 0.3046875 0.134375 0.2984375 0.1234375 0.2921875 0.1015625 0.296875 0.0765625 0.30625 0.06875 0.3171875 0.06875
3 0.1640625 0.1953125 0.1765625 0.2 0.190625 0.2171875 0.1921875 0.2234375 0.1828125 0.2421875 0.1828125 0.246875 0.1796875 0.25 0.165625 0.2359375 0.153125 0.2296875 0.1390625 0.228125 0.1328125 0.2328125 0.128125 0.23125 0.1296875 0.21875 0.1359375 0.2078125 0.15 0.196875 0.1625 0.1953125
3 0.6 0.1640625 0.6125 0.1796875 0.615625 0.190625 0.615625 0.2078125 0.6125 0.2140625 0.6 0.2234375 0.59375 0.23125 0.5875 0.23125 0.578125 0.2234375 0.5703125 0.2078125 0.56875 0.18125 0.5734375 0.1671875 0.578125 0.1625 0.5875 0.159375 0.5984375 0.1640625
3 0.78125 0.20546875 0.0421875 0.0640625
3 0.375 0.8265625 0.3875 0.8375 0.396875 0.8515625 0.40625 0.878125 0.409375 0.896875 0.4078125 0.95625 0.4015625 0.9859375 0.39375 0.9984375 0.2984375 0.9984375 0.290625 0.9625 0.290625 0.9328125 0.2953125 0.9015625 0.303125 0.8765625 0.315625 0.85 0.334375 0.8296875 0.3421875 0.825 0.3640625 0.8234375 0.3734375 0.8265625
3 0.825 0.265625 0.840625 0.275 0.8546875 0.29375 0.85625 0.3140625 0.85 0.334375 0.8390625 0.3453125 0.8296875 0.3453125 0.815625 0.3359375 0.809375 0.325 0.8046875 0.3046875 0.80625 0.284375 0.809375 0.2765625 0.8171875 0.26875 0.8234375 0.2671875