3 0.20625 0.7359375 0.1734375 0.2890625
3 0.321875 0.34140625 0.06328125 0.1140625
3 0.43515625 0.36640625 0.07421875 0.1046875
3 0.41796875 0.30546875 0.05390625 0.05859375
3 0.48828125 0.30625 0.04296875 0.07578125
3 0.62890625 0.32109375 0.065625 0.11328125
3 0.728125 0.36015625 0.06796875 0.10078125
3 0.77578125 0.41484375 0.06484375 0.11015625
3 0.83203125 0.3640625 0.05703125 0.0875
3 0.90546875 0.52890625 0.12421875 0.18359375
3 0.98203125 0.4328125 0.0359375 0.13828125
0 0.903125 0.30546875 0.19296875 0.09921875