3 0.553125 0.2453125 0.5609375 0.25 0.5671875 0.265625 0.5671875 0.2859375 0.5640625 0.29375 0.5609375 0.296875 0.55 0.296875 0.5421875 0.2828125 0.540625 0.2578125 0.54375 0.25 0.5515625 0.246875
3 0.371875 0.5125 0.384375 0.5109375 0.390625 0.5125 0.39375 0.5171875 0.3984375 0.51875 0.4078125 0.5171875 0.415625 0.528125 0.421875 0.54375 0.421875 0.5765625 0.4140625 0.596875 0.4015625 0.6046875 0.3859375 0.603125 0.3796875 0.596875 0.371875 0.58125 0.3703125 0.5734375 0.371875 0.5140625
3 0.45625 0.3 0.4609375 0.303125 0.46875 0.31875 0.4703125 0.346875 0.465625 0.3578125 0.4625 0.3609375 0.4546875 0.3625 0.4453125 0.3578125 0.440625 0.3484375 0.4375 0.334375 0.4390625 0.3109375 0.446875 0.3 0.4546875 0.3
3 0.3890625 0.4703125 0.396875 0.475 0.403125 0.4828125 0.4078125 0.5 0.4078125 0.51875 0.3921875 0.5109375 0.3703125 0.5109375 0.3640625 0.503125 0.3640625 0.49375 0.371875 0.4765625 0.3828125 0.4703125 0.3875 0.4703125
3 0.3046875 0.3640625 0.315625 0.3765625 0.321875 0.396875 0.3203125 0.4234375 0.315625 0.43125 0.3078125 0.4359375 0.296875 0.4359375 0.290625 0.4328125 0.284375 0.4203125 0.2796875 0.4 0.2796875 0.3875 0.2828125 0.3765625 0.290625 0.365625 0.296875 0.3625 0.303125 0.3640625
3 0.434375 0.421875 0.4421875 0.4296875 0.4484375 0.44375 0.4515625 0.45625 0.4515625 0.475 0.45 0.4765625 0.4390625 0.465625 0.428125 0.4625 0.4171875 0.4640625 0.4078125 0.4734375 0.40625 0.44375 0.4109375 0.4296875 0.4203125 0.4203125 0.4328125 0.421875
3 0.340625 0.246875 0.3453125 0.25 0.353125 0.2703125 0.353125 0.2890625 0.346875 0.2984375 0.3328125 0.2984375 0.328125 0.2921875 0.3234375 0.275 0.3234375 0.2625 0.328125 0.25 0.3390625 0.246875
3 0.171875 0.3734375 0.1765625 0.375 0.184375 0.384375 0.19375 0.409375 0.19375 0.421875 0.1890625 0.4390625 0.184375 0.4453125 0.178125 0.4484375 0.1640625 0.4484375 0.159375 0.4453125 0.1515625 0.4328125 0.146875 0.4140625 0.146875 0.396875 0.153125 0.3796875 0.1578125 0.375 0.1703125 0.3734375
3 0.8046875 0.5046875 0.8171875 0.515625 0.8234375 0.528125 0.828125 0.5453125 0.828125 0.565625 0.825 0.578125 0.8171875 0.590625 0.8109375 0.5953125 0.796875 0.59375 0.784375 0.584375 0.7796875 0.5734375 0.7765625 0.55625 0.7765625 0.53125 0.78125 0.515625 0.7921875 0.5046875 0.796875 0.503125 0.803125 0.5046875
3 0.434375 0.225 0.4390625 0.2375 0.440625 0.2546875 0.4390625 0.2609375 0.43125 0.2671875 0.425 0.2671875 0.4171875 0.259375 0.4140625 0.2375 0.415625 0.228125 0.4203125 0.221875 0.428125 0.2203125 0.4328125 0.225
3 0.3890625 0.2875 0.3953125 0.2984375 0.3984375 0.309375 0.3984375 0.328125 0.39375 0.3390625 0.3875 0.34375 0.3796875 0.34375 0.3734375 0.3390625 0.36875 0.328125 0.365625 0.309375 0.3703125 0.2890625 0.3765625 0.284375 0.384375 0.284375 0.3875 0.2875
3 0.525 0.27421875 0.0296875 0.05390625
3 0.4625 0.225 0.465625 0.2296875 0.4703125 0.2484375 0.4703125 0.25625 0.4640625 0.26875 0.4515625 0.2671875 0.446875 0.2609375 0.44375 0.2484375 0.44375 0.2375 0.446875 0.2265625 0.4515625 0.2234375 0.4609375 0.225
3 0.528125 0.3796875 0.5359375 0.3890625 0.5421875 0.409375 0.540625 0.4359375 0.5359375 0.446875 0.5296875 0.45 0.5125 0.4484375 0.50625 0.4359375 0.503125 0.421875 0.503125 0.4 0.50625 0.3890625 0.5171875 0.378125 0.5265625 0.3796875
3 0.61875 0.4515625 0.6296875 0.4640625 0.6375 0.4890625 0.6375 0.5078125 0.634375 0.5203125 0.63125 0.5265625 0.61875 0.5359375 0.609375 0.5359375 0.6015625 0.5296875 0.5953125 0.5171875 0.590625 0.49375 0.590625 0.4796875 0.5953125 0.4625 0.6046875 0.4515625 0.6078125 0.45 0.6171875 0.4515625
3 0.428125 0.4625 0.4421875 0.4671875 0.45 0.48125 0.453125 0.4984375 0.453125 0.5109375 0.446875 0.5296875 0.4421875 0.5359375 0.4296875 0.54375 0.421875 0.5390625 0.4109375 0.51875 0.409375 0.5 0.40625 0.490625 0.40625 0.4796875 0.409375 0.471875 0.415625 0.4640625 0.4265625 0.4625
3 0.346875 0.54375 0.046875 0.09609375
3 0.7578125 0.459375 0.7640625 0.4625 0.7703125 0.4703125 0.775 0.4796875 0.7796875 0.4984375 0.7796875 0.5140625 0.7734375 0.53125 0.7609375 0.54375 0.75 0.54375 0.740625 0.534375 0.7328125 0.5109375 0.734375 0.4765625 0.7421875 0.4625 0.7484375 0.459375 0.75625 0.459375