0 0.8984375 0.3015625 0.203125 0.175
3 0.74765625 0.509375 0.0640625 0.12109375
3 0.6953125 0.465625 0.0578125 0.10546875
3 0.559375 0.48125 0.06328125 0.11640625
3 0.4671875 0.41875 0.06015625 0.09140625
3 0.48125 0.26484375 0.04296875 0.08828125
3 0.4484375 0.27109375 0.04921875 0.0734375
3 0.38515625 0.35234375 0.0609375 0.09765625
3 0.3734375 0.25078125 0.0390625 0.06328125
3 0.3359375 0.253125 0.04609375 0.06875
3 0.30390625 0.33984375 0.05234375 0.0953125
3 0.246875 0.29296875 0.05 0.07734375
3 0.221875 0.44296875 0.06484375 0.0953125
3 0.0765625 0.47578125 0.0703125 0.1015625
3 0.29140625 0.58828125 0.0625 0.12109375
3 0.34921875 0.5921875 0.0625 0.1203125
3 0.32734375 0.53359375 0.04921875 0.06953125
3 0.37734375 0.53125 0.06484375 0.096875
3 0.36640625 0.4640625 0.0453125 0.06171875