3 0.47421875 0.8421875 0.1359375 0.2625
3 0.3078125 0.9125 0.17109375 0.175
3 0.42734375 0.49453125 0.1234375 0.21796875
3 0.5796875 0.3578125 0.10703125 0.159375
3 0.7359375 0.27265625 0.07734375 0.1359375
3 0.78671875 0.159375 0.0640625 0.13125
3 0.72578125 0.19921875 0.0859375 0.12421875
3 0.94921875 0.240625 0.065625 0.11484375
3 0.9703125 0.2625 0.05859375 0.0890625
3 0.96640625 0.34453125 0.0671875 0.1515625
3 0.5078125 0.1484375 0.0875 0.1125
3 0.446875 0.0671875 0.06640625 0.08984375
3 0.4390625 0.253125 0.09296875 0.1796875
3 0.36171875 0.271875 0.0921875 0.134375
3 0.24921875 0.24140625 0.10859375 0.12890625
3 0.271875 0.1828125 0.08671875 0.1
3 0.32109375 0.2203125 0.07265625 0.11796875