0 0.92421875 0.28671875 0.1515625 0.1859375
3 0.82421875 0.5109375 0.06328125 0.1203125
3 0.76640625 0.478125 0.0546875 0.1140625
3 0.628125 0.49375 0.0578125 0.1046875
3 0.5265625 0.4328125 0.06640625 0.0796875
3 0.45078125 0.5515625 0.06171875 0.07421875
3 0.43828125 0.49453125 0.0546875 0.0640625
3 0.42890625 0.62578125 0.0625 0.1125
3 0.36640625 0.615625 0.0703125 0.11171875
3 0.40625 0.5546875 0.04765625 0.05234375
3 0.45 0.36796875 0.04296875 0.0765625
3 0.5078125 0.2921875 0.03359375 0.05625
3 0.53671875 0.2859375 0.0296875 0.059375
3 0.403125 0.28515625 0.03828125 0.0703125
3 0.4375 0.27734375 0.0359375 0.06640625
3 0.37265625 0.3734375 0.04921875 0.08359375
3 0.32578125 0.3390625 0.05078125 0.0671875
3 0.30234375 0.48046875 0.06015625 0.1109375
3 0.17578125 0.5140625 0.075 0.11484375