3 0.325 0.56875 0.07265625 0.1359375
3 0.27265625 0.53828125 0.06328125 0.1109375
3 0.37265625 0.4984375 0.05546875 0.0984375
3 0.39140625 0.44921875 0.06796875 0.0640625
3 0.49765625 0.42421875 0.0578125 0.09375
3 0.57265625 0.51015625 0.07421875 0.10625
3 0.71953125 0.53359375 0.0625 0.1171875
3 0.76328125 0.584375 0.0796875 0.11328125
3 0.44765625 0.33359375 0.0453125 0.071875
3 0.3828125 0.31328125 0.053125 0.078125
3 0.27109375 0.39140625 0.06015625 0.0921875
3 0.1484375 0.39765625 0.05625 0.103125
3 0.34609375 0.26875 0.03984375 0.0609375
3 0.44140625 0.24375 0.03671875 0.0671875
3 0.475 0.25078125 0.03515625 0.04765625
3 0.53125 0.28203125 0.0359375 0.0515625
3 0.56953125 0.2796875 0.03984375 0.075