3 0.2640625 0.92421875 0.11015625 0.1515625
3 0.23046875 0.70546875 0.0984375 0.13984375
3 0.26875 0.57265625 0.05546875 0.10078125
3 0.23515625 0.56171875 0.0546875 0.0875
3 0.23671875 0.49375 0.06015625 0.08984375
3 0.11875 0.55234375 0.07265625 0.10859375
3 0.44296875 0.50390625 0.04765625 0.0703125
3 0.46640625 0.553125 0.06484375 0.09765625
3 0.59453125 0.5375 0.0453125 0.090625
3 0.6640625 0.58984375 0.05859375 0.1390625
3 0.671875 0.5125 0.0578125 0.0875
3 0.73671875 0.58828125 0.05859375 0.11328125
3 0.73046875 0.51484375 0.05703125 0.10078125
3 0.79765625 0.6671875 0.06796875 0.134375
3 0.8625 0.68515625 0.06796875 0.1234375
3 0.94296875 0.6375 0.075 0.11640625
3 0.87890625 0.5171875 0.04296875 0.109375