3 0.6671875 0.903125 0.18203125 0.19296875
3 0.9203125 0.76015625 0.14375 0.20546875
3 0.65078125 0.58515625 0.08984375 0.1453125
3 0.55078125 0.46953125 0.06640625 0.09375
3 0.5015625 0.45078125 0.0671875 0.090625
3 0.66171875 0.43046875 0.0640625 0.10234375
3 0.728125 0.42265625 0.06640625 0.0984375
3 0.7890625 0.39609375 0.04921875 0.06953125
3 0.8421875 0.3796875 0.06015625 0.06796875
3 0.89765625 0.353125 0.0515625 0.075
3 0.95703125 0.346875 0.059375 0.06953125
3 0.94921875 0.41796875 0.07734375 0.1046875
3 0.65859375 0.3796875 0.05859375 0.06796875