3 0.1765625 0.7359375 0.203125 0.2890625
3 0.29765625 0.3359375 0.05703125 0.0921875
3 0.4140625 0.3609375 0.06015625 0.09765625
3 0.40390625 0.3015625 0.04921875 0.059375
3 0.4734375 0.29453125 0.04765625 0.0640625
3 0.6125 0.31171875 0.04921875 0.08359375
3 0.70859375 0.3453125 0.05078125 0.0828125
3 0.7484375 0.403125 0.06796875 0.1109375
3 0.8171875 0.34453125 0.06484375 0.065625
3 0.878125 0.5046875 0.10625 0.175
3 0.97265625 0.40390625 0.0546875 0.1109375
0 0.8921875 0.2890625 0.215625 0.1171875