1 0.428125 0.80078125 0.17890625 0.2484375
1 0.61796875 0.775 0.1703125 0.23515625
1 0.7890625 0.834375 0.175 0.23828125
1 0.93515625 0.82109375 0.1296875 0.23203125
1 0.45703125 0.57578125 0.1640625 0.2171875
1 0.62734375 0.5578125 0.1578125 0.21171875
1 0.7875 0.584375 0.16015625 0.2109375
1 0.9265625 0.6078125 0.14375 0.2046875
1 0.46328125 0.3765625 0.15390625 0.20078125
1 0.6109375 0.3671875 0.146875 0.196875
1 0.753125 0.39453125 0.15078125 0.1921875
1 0.90078125 0.38359375 0.15234375 0.1890625
1 0.4765625 0.19921875 0.14375 0.19140625
1 0.6171875 0.19609375 0.1390625 0.1859375
1 0.7546875 0.2234375 0.14140625 0.1796875
1 0.884375 0.2203125 0.14296875 0.1796875
1 0.4625 0.0640625 0.1375 0.128125
1 0.61015625 0.06484375 0.1328125 0.1296875
1 0.7390625 0.0765625 0.13203125 0.153125
1 0.86015625 0.0796875 0.1328125 0.159375