3 0.609375 0.5046875 0.05390625 0.0953125
3 0.74921875 0.49921875 0.06484375 0.10546875
3 0.79765625 0.54375 0.06484375 0.109375
3 0.55625 0.27890625 0.0390625 0.0609375
3 0.521875 0.278125 0.03984375 0.05546875
3 0.5171875 0.42734375 0.0625 0.11953125
3 0.45390625 0.33984375 0.05703125 0.084375
3 0.4578125 0.25 0.03984375 0.07109375
3 0.4203125 0.25234375 0.0375 0.071875
3 0.378125 0.3296875 0.05078125 0.0796875
3 0.33671875 0.2875 0.04609375 0.06953125
3 0.296875 0.4203125 0.07578125 0.1296875
3 0.16640625 0.4171875 0.07578125 0.10390625
3 0.33515625 0.56640625 0.06171875 0.12421875
3 0.38671875 0.57421875 0.06015625 0.115625
3 0.37578125 0.5078125 0.0515625 0.03828125
3 0.42265625 0.521875 0.06640625 0.08984375
3 0.4296875 0.465625 0.06484375 0.06875