3 0.27421875 0.825 0.11484375 0.165625
3 0.04921875 0.83046875 0.09609375 0.18046875
3 0.3265625 0.6671875 0.06328125 0.12265625
3 0.29296875 0.55078125 0.05078125 0.0765625
3 0.3765625 0.5578125 0.03125 0.075
3 0.56484375 0.6734375 0.06171875 0.1125
3 0.7328125 0.61328125 0.05546875 0.09921875
3 0.82734375 0.7140625 0.06015625 0.12109375
3 0.89375 0.70625 0.0734375 0.06328125
3 0.99140625 0.71796875 0.0171875 0.103125
3 0.98515625 0.56484375 0.02890625 0.09296875
3 0.84609375 0.56796875 0.05 0.0796875
3 0.86328125 0.53984375 0.0390625 0.05546875
3 0.81015625 0.63125 0.0578125 0.0953125
3 0.78359375 0.55078125 0.04921875 0.08515625
3 0.6890625 0.5609375 0.0484375 0.06875
3 0.63515625 0.56875 0.0421875 0.05625
3 0.5546875 0.578125 0.04453125 0.08046875
3 0.5125 0.56640625 0.03359375 0.0765625
3 0.5671875 0.521875 0.0359375 0.05078125