3 0.1390625 0.90703125 0.15546875 0.1859375
3 0.18046875 0.47109375 0.06171875 0.08828125
3 0.08515625 0.52265625 0.07109375 0.11171875
3 0.02578125 0.475 0.0515625 0.08046875
3 0.01640625 0.55234375 0.0328125 0.109375
3 0.228125 0.44765625 0.03984375 0.084375
3 0.296875 0.40546875 0.03984375 0.06875
3 0.36015625 0.38984375 0.04765625 0.06875
3 0.40625 0.44296875 0.04765625 0.0765625
3 0.44765625 0.36640625 0.03671875 0.04921875
3 0.5328125 0.47265625 0.05546875 0.1
3 0.5703125 0.42265625 0.053125 0.0828125
3 0.634375 0.4109375 0.05703125 0.08671875