3 0.3 0.89375 0.1 0.14765625
3 0.07734375 0.89453125 0.1015625 0.1421875
3 0.346875 0.73671875 0.06640625 0.115625
3 0.3296875 0.62109375 0.05390625 0.0953125
3 0.59921875 0.74453125 0.0640625 0.11171875
3 0.7609375 0.6875 0.06171875 0.115625
3 0.715625 0.6296875 0.05234375 0.08828125
3 0.659375 0.6421875 0.06015625 0.0890625
3 0.5828125 0.65078125 0.05390625 0.078125
3 0.5953125 0.58984375 0.0484375 0.05234375
3 0.84453125 0.6984375 0.059375 0.090625
3 0.86015625 0.79140625 0.06875 0.12109375
3 0.9328125 0.790625 0.07734375 0.09296875
3 0.87890625 0.6390625 0.06796875 0.071875
3 0.81015625 0.63046875 0.0484375 0.0859375