3 0.2921875 0.3609375 0.2984375 0.3625 0.3046875 0.371875 0.309375 0.390625 0.309375 0.4015625 0.303125 0.4203125 0.3015625 0.4234375 0.29375 0.4265625 0.2828125 0.4265625 0.278125 0.4234375 0.271875 0.4109375 0.26875 0.396875 0.271875 0.375 0.28125 0.3625 0.290625 0.3609375
3 0.0671875 0.5625 0.0796875 0.5671875 0.0890625 0.5765625 0.0953125 0.5890625 0.0984375 0.6015625 0.0984375 0.6265625 0.0921875 0.646875 0.0828125 0.6609375 0.0671875 0.66875 0.05625 0.66875 0.046875 0.6640625 0.0390625 0.65625 0.0296875 0.6328125 0.0296875 0.6046875 0.0375 0.5828125 0.0515625 0.5671875 0.065625 0.5625
3 0 0.5625 0.00625 0.56875 0.0125 0.5875 0.0109375 0.61875 0.00625 0.628125 0.00625 0.6328125 0 0.640625 0 0.59375 0.0015625 0.5921875 0 0.5640625
3 0.225 0.471875 0.23125 0.475 0.240625 0.4875 0.24375 0.4984375 0.24375 0.525 0.2375 0.546875 0.2234375 0.5578125 0.2109375 0.5578125 0.203125 0.5515625 0.19375 0.534375 0.190625 0.521875 0.1921875 0.5 0.196875 0.4875 0.20625 0.475 0.2125 0.471875 0.2234375 0.471875
3 0.325 0.3515625 0.334375 0.35625 0.340625 0.3671875 0.340625 0.371875 0.3234375 0.3796875 0.3125 0.39375 0.3046875 0.3703125 0.3078125 0.3625 0.3171875 0.353125 0.3234375 0.3515625
3 0.33125 0.3796875 0.34375 0.3890625 0.35 0.4015625 0.3515625 0.4265625 0.3453125 0.4484375 0.3375 0.4546875 0.3234375 0.4546875 0.3171875 0.4484375 0.3109375 0.434375 0.309375 0.4140625 0.3125 0.4015625 0.3203125 0.3875 0.3296875 0.38125
3 0.384375 0.4 0.39375 0.4125 0.3953125 0.4390625 0.3875 0.4609375 0.38125 0.4671875 0.3765625 0.46875 0.36875 0.4671875 0.3609375 0.459375 0.3546875 0.446875 0.3546875 0.4171875 0.3609375 0.4046875 0.365625 0.4 0.3703125 0.3984375 0.3828125 0.4
3 0.54375 0.3328125 0.55 0.3375 0.553125 0.3453125 0.553125 0.365625 0.546875 0.3828125 0.5390625 0.3875 0.534375 0.3859375 0.528125 0.375 0.5234375 0.371875 0.521875 0.3484375 0.5265625 0.3375 0.5359375 0.33125 0.5421875 0.3328125
3 0.4 0.46875 0.4109375 0.475 0.41875 0.49375 0.41875 0.5171875 0.415625 0.5296875 0.409375 0.5453125 0.4 0.55 0.3859375 0.5484375 0.38125 0.54375 0.371875 0.5234375 0.3703125 0.5109375 0.3734375 0.4875 0.3796875 0.475 0.3890625 0.4703125 0.3984375 0.46875
3 0.5234375 0.3734375 0.5296875 0.378125 0.5359375 0.39375 0.5359375 0.40625 0.5328125 0.41875 0.5265625 0.4328125 0.5234375 0.434375 0.5125 0.434375 0.50625 0.4296875 0.5 0.4140625 0.4984375 0.403125 0.5 0.3890625 0.5046875 0.378125 0.5078125 0.375 0.521875 0.3734375
3 0.62265625 0.52578125 0.0484375 0.08203125
3 0.7 0.453125 0.7078125 0.465625 0.7109375 0.484375 0.70625 0.5046875 0.7 0.5171875 0.69375 0.521875 0.68125 0.5203125 0.671875 0.5109375 0.6671875 0.496875 0.665625 0.4796875 0.66875 0.4640625 0.678125 0.4515625 0.6953125 0.45 0.6984375 0.453125
3 0.8359375 0.453125 0.840625 0.4546875 0.8484375 0.4625 0.8515625 0.4703125 0.8515625 0.4984375 0.8484375 0.509375 0.840625 0.5203125 0.8265625 0.5203125 0.821875 0.5171875 0.815625 0.5109375 0.809375 0.4921875 0.809375 0.475 0.8125 0.4640625 0.8203125 0.4546875 0.834375 0.453125
3 0.859375 0.653125 0.878125 0.6625 0.8875 0.6734375 0.8953125 0.6953125 0.8953125 0.7140625 0.89375 0.7171875 0.8828125 0.7171875 0.86875 0.7234375 0.8578125 0.7390625 0.8546875 0.75 0.8453125 0.7484375 0.83125 0.728125 0.828125 0.7140625 0.828125 0.6828125 0.834375 0.665625 0.8453125 0.6546875 0.8578125 0.653125
3 0.9984375 0.575 0.9984375 0.6140625 0.9859375 0.6265625 0.9828125 0.6265625 0.9796875 0.621875 0.978125 0.6125 0.9796875 0.59375 0.9890625 0.578125 0.9921875 0.575 0.996875 0.575
3 0.99375 0.6171875 0.9984375 0.6171875 0.9984375 0.69375 0.9875 0.68125 0.98125 0.6609375 0.9828125 0.6328125 0.9859375 0.625 0.99375 0.61875
3 0.8875 0.71875 0.903125 0.725 0.9203125 0.740625 0.93125 0.7640625 0.9328125 0.778125 0.93125 0.803125 0.9171875 0.83125 0.9109375 0.8359375 0.8921875 0.8359375 0.8734375 0.8234375 0.8609375 0.803125 0.85625 0.7859375 0.8546875 0.7609375 0.859375 0.740625 0.8703125 0.725 0.8859375 0.71875