3 0.3515625 0.2609375 0.3453125 0.2484375 0.34375 0.2296875 0.3484375 0.2171875 0.353125 0.2140625 0.36875 0.215625 0.375 0.221875 0.378125 0.2296875 0.378125 0.2484375 0.3734375 0.25625 0.3640625 0.2640625 0.353125 0.2609375
3 0.475 0.2015625 0.478125 0.20625 0.478125 0.2265625 0.475 0.234375 0.4671875 0.2421875 0.459375 0.2421875 0.453125 0.2375 0.4484375 0.225 0.4484375 0.2046875 0.453125 0.1984375 0.4671875 0.1984375 0.4734375 0.2015625
3 0.1484375 0.321875 0.15625 0.328125 0.1609375 0.3390625 0.1625 0.3578125 0.159375 0.3734375 0.1546875 0.3828125 0.1421875 0.3890625 0.1328125 0.3890625 0.125 0.384375 0.1125 0.3625 0.1109375 0.3484375 0.115625 0.328125 0.121875 0.321875 0.1265625 0.31875 0.140625 0.31875 0.146875 0.321875
3 0.2640625 0.325 0.271875 0.328125 0.2765625 0.3328125 0.28125 0.3390625 0.284375 0.35 0.284375 0.3703125 0.28125 0.38125 0.271875 0.3921875 0.265625 0.3953125 0.2578125 0.3953125 0.2515625 0.3921875 0.2453125 0.384375 0.2375 0.3640625 0.2375 0.3484375 0.240625 0.3375 0.25 0.3265625 0.2625 0.325
3 0.396875 0.2625 0.4015625 0.2734375 0.4015625 0.2921875 0.39375 0.3109375 0.384375 0.3125 0.3765625 0.3109375 0.3734375 0.3078125 0.365625 0.290625 0.3640625 0.2734375 0.3671875 0.2640625 0.375 0.25625 0.3859375 0.25625 0.3953125 0.2625
3 0.5015625 0.2046875 0.5078125 0.2125 0.5078125 0.23125 0.503125 0.2453125 0.4984375 0.2484375 0.490625 0.2484375 0.484375 0.2453125 0.4796875 0.2375 0.4796875 0.2078125 0.4859375 0.2015625 0.49375 0.2015625 0.5 0.2046875
3 0.240625 0.46875 0.2515625 0.475 0.2546875 0.4796875 0.2546875 0.4875 0.2484375 0.4953125 0.2453125 0.509375 0.2421875 0.5140625 0.240625 0.55625 0.2359375 0.5609375 0.228125 0.5609375 0.221875 0.5578125 0.20625 0.5359375 0.203125 0.5234375 0.203125 0.5015625 0.20625 0.4890625 0.2140625 0.475 0.2234375 0.46875 0.2296875 0.4671875 0.2390625 0.46875
3 0.2890625 0.4484375 0.2953125 0.45 0.3046875 0.459375 0.3078125 0.465625 0.3109375 0.48125 0.3109375 0.5109375 0.3046875 0.5234375 0.3 0.5234375 0.3 0.51875 0.29375 0.509375 0.2921875 0.5015625 0.28125 0.490625 0.2703125 0.4859375 0.2609375 0.4859375 0.2578125 0.4828125 0.2578125 0.471875 0.2640625 0.4578125 0.271875 0.45 0.2875 0.4484375
3 0.2578125 0.484375 0.2609375 0.4875 0.2734375 0.4875 0.2828125 0.490625 0.290625 0.5 0.3015625 0.5265625 0.3 0.55 0.2921875 0.5734375 0.278125 0.5859375 0.259375 0.584375 0.246875 0.5703125 0.2421875 0.55625 0.24375 0.5125 0.25 0.4921875 0.2578125 0.4859375
3 0.3625 0.4015625 0.3734375 0.4125 0.3796875 0.4328125 0.3796875 0.446875 0.3765625 0.4609375 0.3671875 0.4765625 0.3625 0.4765625 0.35625 0.4515625 0.3515625 0.4453125 0.3421875 0.4359375 0.328125 0.434375 0.33125 0.415625 0.3359375 0.4078125 0.3453125 0.4 0.3609375 0.4015625
3 0.34375 0.4375 0.35625 0.453125 0.35625 0.4609375 0.3609375 0.4734375 0.3609375 0.49375 0.35625 0.5078125 0.3484375 0.5203125 0.34375 0.5234375 0.328125 0.5234375 0.31875 0.515625 0.3125 0.5 0.3125 0.48125 0.309375 0.4703125 0.3109375 0.4546875 0.3171875 0.44375 0.325 0.4375 0.3421875 0.4375
3 0.453125 0.28125 0.4609375 0.2875 0.465625 0.2984375 0.465625 0.3203125 0.459375 0.334375 0.453125 0.3390625 0.4453125 0.3390625 0.4359375 0.334375 0.4296875 0.3234375 0.4265625 0.309375 0.4265625 0.3015625 0.43125 0.2859375 0.4390625 0.2796875 0.4515625 0.28125
3 0.5484375 0.234375 0.5578125 0.2375 0.5640625 0.2484375 0.5640625 0.26875 0.5578125 0.2828125 0.553125 0.2859375 0.5453125 0.2859375 0.5390625 0.28125 0.53125 0.259375 0.5328125 0.24375 0.5359375 0.2375 0.546875 0.234375
3 0.5828125 0.2359375 0.590625 0.2375 0.5953125 0.2421875 0.5984375 0.25 0.596875 0.271875 0.5875 0.2859375 0.5796875 0.2859375 0.5734375 0.28125 0.565625 0.2609375 0.5671875 0.2421875 0.5734375 0.2359375 0.58125 0.2359375
3 0.4765625 0.3703125 0.4875 0.375 0.4921875 0.3796875 0.4984375 0.4 0.496875 0.4234375 0.4921875 0.434375 0.4828125 0.4453125 0.478125 0.446875 0.46875 0.44375 0.4609375 0.4359375 0.453125 0.4140625 0.453125 0.390625 0.45625 0.3828125 0.4609375 0.375 0.465625 0.371875 0.475 0.3703125
3 0.5421875 0.465625 0.553125 0.475 0.559375 0.4875 0.5609375 0.51875 0.5578125 0.5328125 0.553125 0.5421875 0.5484375 0.5484375 0.5390625 0.5546875 0.534375 0.5546875 0.521875 0.5484375 0.5125 0.534375 0.509375 0.5234375 0.5078125 0.4984375 0.5109375 0.4828125 0.5171875 0.471875 0.5296875 0.4625 0.540625 0.465625
3 0.703125 0.5015625 0.715625 0.5140625 0.71875 0.5203125 0.7234375 0.5375 0.7234375 0.5515625 0.721875 0.559375 0.703125 0.575 0.6953125 0.590625 0.6890625 0.590625 0.68125 0.5859375 0.6734375 0.5734375 0.6671875 0.5546875 0.6671875 0.528125 0.671875 0.5125 0.6828125 0.5 0.7 0.5 0.7015625 0.5015625
3 0.7328125 0.5625 0.746875 0.575 0.7546875 0.5890625 0.7578125 0.603125 0.7578125 0.628125 0.753125 0.646875 0.7453125 0.659375 0.7359375 0.6671875 0.7234375 0.665625 0.7125 0.659375 0.7046875 0.6484375 0.696875 0.621875 0.696875 0.5953125 0.6984375 0.5875 0.7046875 0.5765625 0.7171875 0.5625 0.73125 0.5625