3 0.55 0.2765625 0.5578125 0.2859375 0.5609375 0.2953125 0.5609375 0.309375 0.5578125 0.3203125 0.5546875 0.3234375 0.5421875 0.3234375 0.534375 0.309375 0.5359375 0.2859375 0.540625 0.278125 0.5484375 0.2765625
3 0.646875 0.4765625 0.65625 0.4875 0.6625 0.5046875 0.6625 0.5265625 0.65625 0.546875 0.64375 0.5578125 0.634375 0.5578125 0.625 0.5484375 0.621875 0.5421875 0.6171875 0.525 0.6171875 0.503125 0.6203125 0.490625 0.6296875 0.4765625 0.6328125 0.475 0.6453125 0.4765625
3 0.4671875 0.3625 0.4734375 0.375 0.475 0.3859375 0.4734375 0.3984375 0.46875 0.409375 0.459375 0.415625 0.4515625 0.4140625 0.4421875 0.3984375 0.440625 0.3765625 0.44375 0.365625 0.45 0.359375 0.4609375 0.3578125 0.465625 0.3625
3 0.4109375 0.3234375 0.4046875 0.3 0.40625 0.290625 0.409375 0.284375 0.4140625 0.28125 0.421875 0.28125 0.428125 0.2890625 0.43125 0.3 0.43125 0.309375 0.425 0.3234375 0.421875 0.325 0.4125 0.3234375
3 0.4484375 0.2984375 0.02734375 0.046875
3 0.3375 0.3296875 0.3453125 0.3375 0.3484375 0.3453125 0.3484375 0.365625 0.3453125 0.3734375 0.334375 0.3796875 0.33125 0.3796875 0.321875 0.3671875 0.3203125 0.340625 0.328125 0.3296875 0.3359375 0.3296875
3 0.1921875 0.503125 0.2015625 0.5125 0.2046875 0.51875 0.2078125 0.53125 0.2078125 0.5484375 0.2046875 0.5609375 0.2 0.56875 0.19375 0.5734375 0.1859375 0.575 0.175 0.5734375 0.1671875 0.5625 0.1625 0.5484375 0.1625 0.5296875 0.165625 0.5171875 0.175 0.5046875 0.18125 0.5015625 0.190625 0.503125
3 0.8421875 0.4875 0.853125 0.5015625 0.8578125 0.5140625 0.859375 0.5421875 0.853125 0.5609375 0.84375 0.571875 0.8390625 0.5734375 0.8265625 0.571875 0.815625 0.5609375 0.809375 0.5453125 0.8078125 0.5140625 0.8109375 0.5015625 0.8203125 0.4875 0.825 0.4859375 0.840625 0.4875
3 0.453125 0.528125 0.4671875 0.5296875 0.475 0.5375 0.4796875 0.5515625 0.4796875 0.58125 0.475 0.596875 0.4640625 0.6078125 0.45625 0.609375 0.4515625 0.6 0.4453125 0.5953125 0.440625 0.5875 0.434375 0.565625 0.434375 0.55 0.4390625 0.54375 0.4390625 0.5375 0.4453125 0.53125 0.4515625 0.5296875
3 0.45 0.6 0.45625 0.6125 0.459375 0.6265625 0.459375 0.646875 0.4515625 0.671875 0.4453125 0.6796875 0.4375 0.684375 0.428125 0.684375 0.421875 0.68125 0.4140625 0.671875 0.409375 0.6609375 0.4078125 0.65 0.4078125 0.6375 0.4109375 0.6234375 0.409375 0.6171875 0.4140625 0.6078125 0.4140625 0.6 0.428125 0.5890625 0.4390625 0.5890625 0.4484375 0.6
3 0.4265625 0.553125 0.434375 0.5640625 0.4390625 0.5796875 0.4390625 0.5875 0.4265625 0.5859375 0.41875 0.590625 0.4125 0.590625 0.40625 0.59375 0.396875 0.590625 0.39375 0.5859375 0.3984375 0.5671875 0.409375 0.553125 0.4125 0.5515625 0.425 0.553125
3 0.3015625 0.5234375 0.2953125 0.50625 0.2953125 0.48125 0.3015625 0.4671875 0.3109375 0.4609375 0.3234375 0.4625 0.328125 0.4671875 0.3359375 0.4875 0.3359375 0.50625 0.33125 0.521875 0.3234375 0.5296875 0.3109375 0.53125 0.303125 0.5234375
3 0.5421875 0.4234375 0.546875 0.425 0.5546875 0.4375 0.5578125 0.45 0.5578125 0.4671875 0.5515625 0.484375 0.540625 0.4921875 0.5328125 0.4921875 0.525 0.484375 0.51875 0.465625 0.51875 0.440625 0.525 0.428125 0.5328125 0.4234375 0.540625 0.4234375
3 0.4578125 0.4890625 0.46875 0.5015625 0.471875 0.509375 0.4734375 0.534375 0.4640625 0.5265625 0.45 0.528125 0.4375 0.5390625 0.4375 0.54375 0.434375 0.5484375 0.43125 0.546875 0.4296875 0.5390625 0.4296875 0.5125 0.4328125 0.5015625 0.446875 0.4875 0.45625 0.4890625
3 0.51875 0.3109375 0.02890625 0.05
3 0.3859375 0.3578125 0.3953125 0.365625 0.4 0.3765625 0.4 0.3953125 0.39375 0.4109375 0.3875 0.4140625 0.3796875 0.4140625 0.375 0.4109375 0.3671875 0.3859375 0.371875 0.3640625 0.3765625 0.359375 0.384375 0.3578125
3 0.371875 0.590625 0.3765625 0.5875 0.390625 0.5875 0.403125 0.6 0.4078125 0.6390625 0.40625 0.6609375 0.396875 0.675 0.390625 0.6796875 0.3796875 0.6796875 0.36875 0.6703125 0.3625 0.6578125 0.359375 0.6453125 0.359375 0.6171875 0.3625 0.6046875 0.371875 0.5921875
3 0.765625 0.5234375 0.7578125 0.5 0.7578125 0.475 0.7609375 0.4640625 0.775 0.45 0.7859375 0.45 0.7984375 0.4640625 0.803125 0.478125 0.803125 0.50625 0.7953125 0.5234375 0.7859375 0.53125 0.7765625 0.53125 0.7671875 0.5234375