3 0.56640625 0.7578125 0.0921875 0.1734375
3 0.5609375 0.64609375 0.075 0.11328125
3 0.39453125 0.5671875 0.0828125 0.121875
3 0.38359375 0.434375 0.06640625 0.11796875
3 0.40234375 0.321875 0.05078125 0.0828125
3 0.465625 0.22265625 0.03203125 0.059375
3 0.49921875 0.23515625 0.04296875 0.07578125
3 0.540625 0.2828125 0.03828125 0.06875
3 0.57578125 0.290625 0.04140625 0.08828125
3 0.35078125 0.28203125 0.04140625 0.07109375
3 0.35 0.221875 0.04453125 0.0703125
3 0.17890625 0.33984375 0.078125 0.1109375
3 0.0640625 0.315625 0.08359375 0.1140625
3 0.22890625 0.44609375 0.0640625 0.08203125
3 0.18359375 0.48203125 0.0703125 0.11796875
3 0.12578125 0.49296875 0.06328125 0.09296875
3 0.05546875 0.50703125 0.0671875 0.1125
3 0.08203125 0.54921875 0.07421875 0.12109375