3 0.21953125 0.51484375 0.05703125 0.084375
3 0.09375 0.57265625 0.078125 0.0890625
3 0.0265625 0.56953125 0.05078125 0.11484375
3 0.365625 0.50546875 0.04609375 0.07421875
3 0.3578125 0.44609375 0.0375 0.08203125
3 0.3171875 0.440625 0.046875 0.07109375
3 0.2859375 0.4203125 0.05546875 0.06640625
3 0.31328125 0.3953125 0.03671875 0.04765625
3 0.48203125 0.4328125 0.04140625 0.0640625
3 0.5109375 0.39296875 0.0375 0.0796875
3 0.5609375 0.52109375 0.05 0.08828125
3 0.62421875 0.4921875 0.0515625 0.08203125
3 0.7515625 0.5 0.0453125 0.0703125
3 0.73203125 0.64609375 0.059375 0.0921875
3 0.74765625 0.70859375 0.0578125 0.12578125
3 0.87578125 0.62890625 0.059375 0.10625
3 0.88828125 0.578125 0.05078125 0.06875