3 0.3515625 0.1859375 0.03046875 0.05859375
3 0.09375 0.2515625 0.10625 0.2640625 0.1140625 0.290625 0.1125 0.3203125 0.103125 0.33125 0.0953125 0.334375 0.084375 0.3328125 0.075 0.3234375 0.06875 0.3015625 0.0703125 0.26875 0.075 0.259375 0.08125 0.253125 0.0921875 0.2515625
3 0.2140625 0.30859375 0.04453125 0.08359375
3 0.3515625 0.20625 0.359375 0.2015625 0.3640625 0.2015625 0.36875 0.20625 0.3734375 0.2140625 0.378125 0.2375 0.3765625 0.2609375 0.3671875 0.271875 0.3578125 0.271875 0.35 0.2640625 0.3453125 0.25 0.3453125 0.2203125 0.346875 0.2125 0.3515625 0.2078125
3 0.4625 0.175 0.028125 0.0609375
3 0.4953125 0.153125 0.5015625 0.165625 0.5046875 0.184375 0.5046875 0.1984375 0.5 0.2109375 0.4875 0.2109375 0.4828125 0.20625 0.4796875 0.1984375 0.478125 0.184375 0.4796875 0.1609375 0.484375 0.153125 0.4875 0.1515625 0.49375 0.153125
3 0.425 0.2328125 0.4328125 0.2421875 0.4375 0.2625 0.4359375 0.2953125 0.425 0.30625 0.4171875 0.30625 0.4109375 0.3015625 0.40625 0.2921875 0.403125 0.278125 0.403125 0.253125 0.40625 0.2421875 0.4140625 0.2328125 0.4171875 0.23125 0.4234375 0.2328125
3 0.5421875 0.221875 0.03046875 0.065625
3 0.14375 0.415625 0.15 0.4171875 0.1625 0.4265625 0.16875 0.4375 0.16875 0.4484375 0.1625 0.4515625 0.1484375 0.465625 0.14375 0.475 0.1390625 0.49375 0.1375 0.5234375 0.1265625 0.5234375 0.115625 0.5109375 0.109375 0.4921875 0.109375 0.4671875 0.1125 0.45 0.121875 0.428125 0.13125 0.41875 0.1421875 0.415625
3 0.171875 0.4484375 0.184375 0.453125 0.1953125 0.4640625 0.2015625 0.4765625 0.203125 0.4875 0.2015625 0.5234375 0.1921875 0.5453125 0.1859375 0.553125 0.175 0.559375 0.1609375 0.5578125 0.146875 0.5453125 0.140625 0.5296875 0.1390625 0.5171875 0.140625 0.49375 0.1453125 0.475 0.1515625 0.4625 0.1625 0.4515625 0.1703125 0.45
3 0.209375 0.4 0.221875 0.4125 0.2265625 0.421875 0.228125 0.4625 0.2234375 0.4859375 0.2140625 0.4984375 0.20625 0.5015625 0.203125 0.478125 0.1953125 0.4625 0.184375 0.453125 0.171875 0.446875 0.171875 0.4359375 0.178125 0.415625 0.1828125 0.409375 0.19375 0.4 0.2078125 0.4
3 0.25625 0.44375 0.05390625 0.10390625
3 0.2921875 0.353125 0.303125 0.3625 0.309375 0.375 0.3109375 0.384375 0.309375 0.43125 0.3015625 0.4453125 0.29375 0.45 0.284375 0.4484375 0.284375 0.4359375 0.278125 0.4140625 0.2625 0.3921875 0.2640625 0.3796875 0.2703125 0.3640625 0.2796875 0.3546875 0.290625 0.353125
3 0.4296875 0.3296875 0.440625 0.3390625 0.446875 0.3578125 0.4453125 0.403125 0.4421875 0.4109375 0.43125 0.4203125 0.4171875 0.41875 0.409375 0.4109375 0.4046875 0.3953125 0.4046875 0.3609375 0.4078125 0.3484375 0.4125 0.3375 0.4203125 0.33125 0.428125 0.3296875
3 0.4734375 0.4390625 0.4859375 0.45625 0.4890625 0.4671875 0.490625 0.490625 0.4875 0.51875 0.48125 0.5359375 0.4734375 0.5453125 0.465625 0.5484375 0.459375 0.5484375 0.453125 0.5453125 0.4421875 0.5359375 0.4375 0.5203125 0.4359375 0.4875 0.440625 0.4625 0.4453125 0.4515625 0.459375 0.4375 0.471875 0.4390625
3 0.578125 0.1921875 0.5828125 0.1953125 0.5875 0.203125 0.5921875 0.2265625 0.590625 0.246875 0.584375 0.25625 0.571875 0.2546875 0.5640625 0.240625 0.5625 0.2265625 0.5640625 0.203125 0.571875 0.19375 0.5765625 0.1921875
3 0.640625 0.4921875 0.65 0.5 0.6578125 0.5171875 0.659375 0.5609375 0.65625 0.565625 0.6453125 0.56875 0.634375 0.5765625 0.6265625 0.5875 0.6203125 0.6015625 0.6171875 0.6015625 0.6125 0.596875 0.6046875 0.5765625 0.603125 0.5421875 0.60625 0.5234375 0.615625 0.5 0.6296875 0.490625 0.6390625 0.4921875
3 0.659375 0.5671875 0.671875 0.5765625 0.6796875 0.59375 0.6828125 0.6078125 0.6828125 0.6453125 0.6765625 0.6734375 0.6703125 0.6859375 0.6578125 0.6984375 0.6421875 0.696875 0.628125 0.684375 0.621875 0.671875 0.61875 0.65 0.6203125 0.615625 0.628125 0.5875 0.6453125 0.5703125 0.6578125 0.5671875