3 0.21953125 0.5109375 0.06328125 0.0796875
3 0.0921875 0.5734375 0.07734375 0.10625
3 0.0265625 0.57109375 0.05234375 0.121875
3 0.28046875 0.41484375 0.04453125 0.115625
3 0.3171875 0.4390625 0.04296875 0.08671875
3 0.35625 0.4453125 0.03828125 0.06796875
3 0.36015625 0.503125 0.0421875 0.08125
3 0.478125 0.425 0.03671875 0.07109375
3 0.5078125 0.390625 0.04375 0.0625
3 0.55625 0.51875 0.05 0.08359375
3 0.6171875 0.48671875 0.03828125 0.0796875
3 0.74765625 0.49765625 0.04921875 0.10546875
3 0.734375 0.6375 0.0578125 0.09609375
3 0.75 0.69921875 0.07578125 0.12421875
3 0.875 0.625 0.06484375 0.10546875
3 0.890625 0.57734375 0.06328125 0.0703125