3 0.246875 0.84921875 0.10546875 0.196875
3 0.03515625 0.8421875 0.06953125 0.2078125
3 0.30234375 0.68359375 0.06953125 0.16328125
3 0.27265625 0.56640625 0.06171875 0.08515625
3 0.36953125 0.578125 0.0328125 0.06484375
3 0.34921875 0.56484375 0.0203125 0.0734375
3 0.3703125 0.528125 0.03046875 0.0640625
3 0.55390625 0.69609375 0.06328125 0.096875
3 0.5421875 0.58359375 0.0578125 0.0796875
3 0.5015625 0.578125 0.02734375 0.07578125
3 0.61796875 0.590625 0.0609375 0.09375
3 0.66796875 0.58203125 0.053125 0.0875
3 0.70859375 0.62265625 0.06875 0.13828125
3 0.75546875 0.56484375 0.06015625 0.09296875
3 0.81875 0.58125 0.04609375 0.06953125
3 0.83984375 0.55625 0.04609375 0.05546875
3 0.79375 0.6421875 0.065625 0.09296875
3 0.8140625 0.7265625 0.07421875 0.11171875
3 0.86640625 0.721875 0.0546875 0.08203125
3 0.97734375 0.734375 0.04453125 0.13828125
3 0.990625 0.603125 0.01875 0.071875
3 0.96015625 0.5828125 0.0359375 0.09765625