3 0.271875 0.8828125 0.12578125 0.21796875
3 0.1203125 0.69375 0.09765625 0.1453125
3 0.1046875 0.54375 0.06796875 0.109375
3 0.05 0.5375 0.053125 0.10234375
3 0.02890625 0.4890625 0.053125 0.07578125
3 0.25625 0.48125 0.0640625 0.096875
3 0.2921875 0.4203125 0.0421875 0.0859375
3 0.32421875 0.46484375 0.05390625 0.10390625
3 0.44609375 0.5453125 0.06328125 0.125
3 0.40859375 0.42890625 0.05078125 0.07890625
3 0.4546875 0.39765625 0.04296875 0.06796875
3 0.53515625 0.43515625 0.05234375 0.0953125
3 0.51953125 0.37265625 0.0453125 0.07734375
3 0.57734375 0.35390625 0.05 0.084375
3 0.6234375 0.43046875 0.03125 0.08203125
3 0.66484375 0.328125 0.028125 0.0765625
3 0.70546875 0.3359375 0.040625 0.0921875
3 0.7375 0.4796875 0.0625 0.12578125
3 0.6796875 0.46015625 0.0515625 0.07890625
3 0.7890625 0.41015625 0.06640625 0.065625
3 0.8734375 0.41328125 0.06953125 0.0875