3 0.0265625 0.5578125 0.05078125 0.1296875
3 0.09609375 0.58046875 0.07421875 0.1140625
3 0.22109375 0.51328125 0.04921875 0.06953125
3 0.2890625 0.428125 0.03828125 0.06640625
3 0.32265625 0.40234375 0.05078125 0.03671875
3 0.3203125 0.44296875 0.04453125 0.084375
3 0.35859375 0.453125 0.0453125 0.05390625
3 0.36796875 0.51484375 0.04296875 0.0890625
3 0.48671875 0.440625 0.0328125 0.05703125
3 0.51328125 0.41015625 0.03203125 0.0625
3 0.56328125 0.52890625 0.0421875 0.07265625
3 0.6265625 0.50234375 0.040625 0.05859375
3 0.753125 0.5 0.03125 0.0421875
3 0.7359375 0.653125 0.04296875 0.0828125
3 0.7484375 0.6984375 0.053125 0.11796875
3 0.87890625 0.65078125 0.0484375 0.08828125
3 0.88984375 0.59765625 0.04921875 0.04921875