3 0.3484375 0.92421875 0.1546875 0.1515625
3 0.63046875 0.79453125 0.1265625 0.18359375
3 0.42578125 0.62734375 0.08203125 0.134375
3 0.3640625 0.50078125 0.06484375 0.0796875
3 0.315625 0.5 0.05390625 0.10234375
3 0.27734375 0.44921875 0.05703125 0.1
3 0.490625 0.471875 0.0703125 0.10546875
3 0.49453125 0.4203125 0.05859375 0.078125
3 0.5453125 0.4671875 0.07265625 0.12421875
3 0.6171875 0.45703125 0.05625 0.1
3 0.69453125 0.5453125 0.05390625 0.1140625
3 0.65859375 0.43046875 0.04921875 0.0828125
3 0.7140625 0.41171875 0.06171875 0.0921875
3 0.8265625 0.4625 0.06328125 0.11484375
3 0.9140625 0.496875 0.06953125 0.09296875