3 0.05390625 0.59921875 0.08359375 0.10625
3 0.00625 0.59375 0.0125 0.103125
3 0.1859375 0.51328125 0.07578125 0.09765625
3 0.25078125 0.40546875 0.0390625 0.07578125
3 0.33828125 0.4921875 0.0484375 0.0828125
3 0.3265625 0.43203125 0.04609375 0.0734375
3 0.28671875 0.42734375 0.04609375 0.0796875
3 0.2828125 0.37578125 0.03203125 0.03984375
3 0.4578125 0.4015625 0.0296875 0.06015625
3 0.48515625 0.35625 0.0328125 0.06171875
3 0.54140625 0.49453125 0.06328125 0.11015625
3 0.60625 0.45234375 0.0625 0.0984375
3 0.73359375 0.4421875 0.0546875 0.090625
3 0.7234375 0.6046875 0.06484375 0.1015625
3 0.740625 0.65625 0.0640625 0.09375
3 0.865625 0.5640625 0.05546875 0.0953125
3 0.87578125 0.521875 0.05703125 0.05859375