3 0.27734375 0.7734375 0.10234375 0.16484375
3 0.0625 0.78671875 0.1 0.140625
3 0.3296875 0.6359375 0.07890625 0.12109375
3 0.30859375 0.521875 0.040625 0.08984375
3 0.384375 0.52578125 0.03203125 0.090625
3 0.52734375 0.53515625 0.02890625 0.07265625
3 0.56875 0.5484375 0.05234375 0.103125
3 0.57109375 0.63828125 0.06171875 0.12578125
3 0.740625 0.5875 0.065625 0.10703125
3 0.696875 0.53125 0.0453125 0.07734375
3 0.6421875 0.53359375 0.05 0.075
3 0.575 0.48671875 0.03359375 0.04453125
3 0.7859375 0.528125 0.0375 0.0828125
3 0.8203125 0.59609375 0.06953125 0.0875
3 0.85390625 0.53828125 0.0453125 0.08828125
3 0.8703125 0.509375 0.03984375 0.05
3 0.896875 0.68203125 0.06640625 0.07734375
3 0.83046875 0.6734375 0.078125 0.128125
3 0.984375 0.5359375 0.03125 0.08671875
3 0.98984375 0.6828125 0.0203125 0.09140625