3 0.66171875 0.57890625 0.0953125 0.14921875
3 0.6046875 0.88671875 0.1671875 0.22578125
3 0.8953125 0.78203125 0.1484375 0.22578125
3 0.7046875 0.4265625 0.059375 0.0953125
3 0.71015625 0.37265625 0.06171875 0.0578125
3 0.58984375 0.45234375 0.06328125 0.0984375
3 0.540625 0.4421875 0.05234375 0.0984375
3 0.50703125 0.4 0.05859375 0.0765625
3 0.77109375 0.425 0.07109375 0.09921875
3 0.8453125 0.40390625 0.06328125 0.084375
3 0.89765625 0.38203125 0.05390625 0.0765625
3 0.9609375 0.3703125 0.0640625 0.07734375
3 0.9828125 0.4421875 0.034375 0.121875
3 0.95859375 0.51640625 0.0546875 0.11953125