3 0.6546875 0.3125 0.6609375 0.3265625 0.6625 0.3515625 0.6546875 0.3734375 0.6453125 0.3828125 0.6328125 0.38125 0.6234375 0.36875 0.6203125 0.35625 0.6203125 0.3296875 0.6265625 0.3140625 0.6328125 0.3078125 0.646875 0.30625 0.653125 0.3125
3 0.225 0.296875 0.23125 0.303125 0.2375 0.315625 0.2390625 0.34375 0.2328125 0.3609375 0.2234375 0.3703125 0.209375 0.3703125 0.2046875 0.3671875 0.19375 0.3453125 0.1921875 0.3375 0.19375 0.315625 0.2 0.3015625 0.209375 0.29375 0.2203125 0.29375 0.2234375 0.296875
3 0.33125 0.2703125 0.3390625 0.275 0.34375 0.2828125 0.346875 0.29375 0.346875 0.3078125 0.34375 0.315625 0.33125 0.315625 0.3203125 0.3234375 0.3171875 0.3234375 0.3125 0.309375 0.3125 0.2875 0.3171875 0.275 0.325 0.2703125 0.3296875 0.2703125
3 0.3375 0.315625 0.34375 0.3171875 0.353125 0.325 0.359375 0.3375 0.3625 0.3515625 0.3625 0.371875 0.359375 0.3828125 0.353125 0.396875 0.34375 0.4046875 0.33125 0.403125 0.321875 0.396875 0.315625 0.384375 0.3109375 0.3609375 0.3140625 0.3375 0.3203125 0.325 0.3359375 0.315625
3 0.8171875 0.428125 0.828125 0.4390625 0.8390625 0.4640625 0.8421875 0.48125 0.8421875 0.5109375 0.8359375 0.534375 0.825 0.553125 0.81875 0.5609375 0.80625 0.5640625 0.7875 0.5609375 0.7734375 0.5484375 0.765625 0.53125 0.7609375 0.5140625 0.759375 0.478125 0.7671875 0.45 0.7734375 0.4390625 0.7859375 0.4265625 0.8046875 0.4234375 0.8125 0.425 0.815625 0.428125
3 0.0953125 0.6390625 0.1171875 0.65625 0.1296875 0.675 0.140625 0.7015625 0.1453125 0.7203125 0.1484375 0.75 0.146875 0.78125 0.1421875 0.809375 0.134375 0.8328125 0.121875 0.859375 0.1125 0.8734375 0.0890625 0.896875 0.059375 0.9109375 0.034375 0.9109375 0.009375 0.8984375 0.003125 0.8921875 0.003125 0.8546875 0 0.8421875 0.003125 0.828125 0 0.821875 0 0.8078125 0.003125 0.7984375 0 0.7890625 0.0015625 0.784375 0 0.7796875 0.0015625 0.7734375 0 0.765625 0.0015625 0.75625 0 0.6765625 0.021875 0.6515625 0.04375 0.6375 0.05 0.6375 0.05625 0.634375 0.0796875 0.634375 0.09375 0.6390625
3 0.428125 0.275 0.4359375 0.2859375 0.4390625 0.3 0.4375 0.31875 0.428125 0.3359375 0.4171875 0.3359375 0.4109375 0.3296875 0.4046875 0.3109375 0.4046875 0.29375 0.4109375 0.278125 0.4203125 0.2734375 0.4265625 0.275
3 0.6890625 0.3484375 0.696875 0.3546875 0.70625 0.375 0.7078125 0.4078125 0.7046875 0.4203125 0.696875 0.4359375 0.690625 0.44375 0.6859375 0.4453125 0.6734375 0.4453125 0.6671875 0.4421875 0.6625 0.4359375 0.653125 0.4109375 0.653125 0.3796875 0.65625 0.36875 0.6671875 0.35 0.675 0.346875 0.6875 0.3484375
3 0.903125 0.346875 0.9109375 0.35 0.9171875 0.35625 0.921875 0.3640625 0.9265625 0.3796875 0.9265625 0.4015625 0.921875 0.4203125 0.915625 0.43125 0.9046875 0.4390625 0.884375 0.4359375 0.8796875 0.43125 0.8734375 0.4203125 0.86875 0.4015625 0.8703125 0.3765625 0.875 0.3640625 0.8859375 0.35 0.89375 0.346875 0.9015625 0.346875
3 0.5390625 0.275 0.55 0.2828125 0.5578125 0.3 0.55625 0.3234375 0.5515625 0.334375 0.5453125 0.340625 0.5359375 0.340625 0.5296875 0.3359375 0.5234375 0.309375 0.528125 0.2828125 0.5328125 0.2765625 0.5375 0.275
3 0.7421875 0.30625 0.7546875 0.31875 0.7578125 0.3296875 0.7578125 0.3546875 0.75 0.3734375 0.74375 0.3796875 0.7375 0.38125 0.728125 0.378125 0.721875 0.3703125 0.7171875 0.353125 0.7171875 0.3296875 0.7234375 0.3140625 0.7328125 0.30625 0.740625 0.30625