3 0.0296875 0.57265625 0.053125 0.1484375
3 0.0953125 0.56796875 0.06953125 0.1125
3 0.22109375 0.5109375 0.06171875 0.10390625
3 0.2890625 0.42734375 0.03828125 0.0640625
3 0.315625 0.409375 0.04140625 0.04921875
3 0.321875 0.44140625 0.03984375 0.08125
3 0.35703125 0.453125 0.03984375 0.065625
3 0.3671875 0.51484375 0.0421875 0.09375
3 0.4859375 0.43671875 0.034375 0.0609375
3 0.5078125 0.403125 0.028125 0.065625
3 0.56484375 0.52890625 0.06796875 0.07265625
3 0.62734375 0.50078125 0.04140625 0.09921875
3 0.7546875 0.50546875 0.046875 0.07578125
3 0.73671875 0.6484375 0.06015625 0.0734375
3 0.75078125 0.7125 0.06328125 0.1125
3 0.88125 0.628125 0.04609375 0.07734375
3 0.8875 0.57890625 0.05234375 0.05078125