3 0.31171875 0.815625 0.16875 0.2734375
3 0.48046875 0.7546875 0.1375 0.24296875
3 0.48671875 0.39921875 0.10703125 0.2015625
3 0.65390625 0.296875 0.1 0.15546875
3 0.8546875 0.23984375 0.09140625 0.13828125
3 0.840625 0.15078125 0.07734375 0.10703125
3 0.925 0.1171875 0.07734375 0.1265625
3 0.609375 0.07578125 0.078125 0.11484375
3 0.5546875 0.01484375 0.05859375 0.0296875
3 0.52265625 0.165625 0.08046875 0.140625
3 0.44765625 0.15390625 0.08515625 0.1609375
3 0.41328125 0.1125 0.065625 0.1296875
3 0.3390625 0.115625 0.08671875 0.146875
3 0.38046875 0.05859375 0.08515625 0.11328125