3 0.06640625 0.5546875 0.0671875 0.084375
3 0.134375 0.575 0.07890625 0.1140625
3 0.25703125 0.59296875 0.04453125 0.078125
3 0.32265625 0.58828125 0.02734375 0.0640625
3 0.36015625 0.603125 0.03984375 0.071875
3 0.39375 0.58828125 0.03125 0.03125
3 0.40234375 0.63359375 0.0390625 0.07734375
3 0.52421875 0.65078125 0.03515625 0.08359375
3 0.5484375 0.64453125 0.028125 0.075
3 0.6046875 0.6921875 0.05703125 0.0875
3 0.66484375 0.7046875 0.02890625 0.11328125
3 0.8015625 0.703125 0.059375 0.04921875
3 0.7953125 0.7796875 0.04921875 0.11875
3 0.8203125 0.79765625 0.065625 0.109375
3 0.953125 0.81328125 0.05390625 0.11875