3 0.6375 0.3125 0.64375 0.315625 0.6515625 0.325 0.65625 0.3375 0.6578125 0.353125 0.65625 0.3625 0.646875 0.38125 0.646875 0.3859375 0.6390625 0.3890625 0.6296875 0.3890625 0.621875 0.384375 0.6140625 0.3578125 0.6140625 0.340625 0.61875 0.325 0.628125 0.3140625 0.6359375 0.3125
3 0.3390625 0.3265625 0.35 0.3375 0.3546875 0.35 0.35625 0.384375 0.3515625 0.3984375 0.3453125 0.4078125 0.3359375 0.4125 0.325 0.4125 0.3171875 0.4078125 0.30625 0.38125 0.3046875 0.3671875 0.3109375 0.340625 0.3171875 0.33125 0.33125 0.325 0.3375 0.3265625
3 0.7984375 0.4296875 0.8140625 0.4375 0.825 0.4515625 0.8328125 0.471875 0.8359375 0.4890625 0.8359375 0.515625 0.8328125 0.5328125 0.81875 0.559375 0.809375 0.56875 0.8046875 0.5703125 0.7875 0.5703125 0.7703125 0.559375 0.7609375 0.5421875 0.753125 0.5109375 0.753125 0.4859375 0.7625 0.453125 0.775 0.4375 0.784375 0.43125 0.796875 0.4296875
3 0.3265625 0.278125 0.3328125 0.2828125 0.3375 0.290625 0.340625 0.3 0.340625 0.3203125 0.3390625 0.3234375 0.3234375 0.325 0.3140625 0.3328125 0.3109375 0.33125 0.30625 0.315625 0.30625 0.3 0.3125 0.284375 0.3171875 0.2796875 0.325 0.278125
3 0.06875 0.646875 0.0875 0.6515625 0.1 0.6625 0.1046875 0.6640625 0.1234375 0.6890625 0.1390625 0.734375 0.140625 0.790625 0.13125 0.8359375 0.10625 0.8859375 0.103125 0.8875 0.096875 0.8984375 0.084375 0.909375 0.059375 0.9234375 0.0421875 0.9265625 0.015625 0.9234375 0.00625 0.91875 0 0.909375 0.0015625 0.9015625 0 0.8953125 0.0015625 0.8859375 0 0.88125 0 0.8546875 0.0015625 0.853125 0 0.8484375 0 0.775 0.0015625 0.7734375 0 0.7703125 0 0.746875 0.0015625 0.7453125 0 0.7421875 0 0.678125 0.0109375 0.6671875 0.0375 0.65 0.053125 0.646875 0.0671875 0.646875
3 0.2171875 0.3046875 0.2265625 0.3140625 0.2328125 0.33125 0.23125 0.3609375 0.225 0.3734375 0.21875 0.378125 0.2 0.3765625 0.1953125 0.371875 0.1875 0.35625 0.1859375 0.3484375 0.1875 0.325 0.1921875 0.3125 0.203125 0.303125 0.215625 0.3046875
3 0.678125 0.353125 0.6828125 0.3546875 0.6921875 0.3640625 0.6984375 0.375 0.703125 0.403125 0.696875 0.4328125 0.6890625 0.446875 0.6828125 0.4515625 0.66875 0.4515625 0.659375 0.4484375 0.6515625 0.4328125 0.646875 0.4125 0.646875 0.3875 0.65 0.3765625 0.65625 0.3640625 0.6609375 0.359375 0.6671875 0.3546875 0.6765625 0.353125
3 0.3921875 0.303125 0.0328125 0.05859375
3 0.8984375 0.353125 0.9109375 0.3625 0.9171875 0.375 0.9203125 0.3875 0.9203125 0.40625 0.9171875 0.4203125 0.909375 0.4359375 0.8984375 0.446875 0.8875 0.446875 0.8765625 0.4421875 0.86875 0.43125 0.8625 0.4109375 0.8625 0.3875 0.871875 0.3640625 0.884375 0.353125 0.890625 0.3515625 0.896875 0.353125
3 0.528125 0.2828125 0.5328125 0.28125 0.540625 0.2828125 0.5515625 0.303125 0.553125 0.3109375 0.553125 0.3234375 0.55 0.3359375 0.54375 0.346875 0.5296875 0.3484375 0.525 0.34375 0.51875 0.325 0.51875 0.303125 0.5234375 0.2890625 0.528125 0.284375
3 0.7359375 0.3125 0.7484375 0.325 0.753125 0.3453125 0.7515625 0.3640625 0.740625 0.3859375 0.7203125 0.384375 0.7125 0.3671875 0.7109375 0.3578125 0.7109375 0.340625 0.715625 0.325 0.7265625 0.3125 0.734375 0.3125