3 0.478125 0.79296875 0.13984375 0.28359375
3 0.3125 0.88359375 0.171875 0.2328125
3 0.4484375 0.4515625 0.1015625 0.18828125
3 0.61796875 0.3265625 0.10546875 0.13671875
3 0.78203125 0.26875 0.0859375 0.13203125
3 0.771875 0.1765625 0.08203125 0.10625
3 0.84609375 0.14375 0.0671875 0.1046875
3 0.465625 0.22109375 0.06796875 0.14453125
3 0.54921875 0.1171875 0.0625 0.1140625
3 0.49296875 0.04296875 0.0625 0.0859375
3 0.99375 0.23203125 0.01171875 0.075
3 0.39453125 0.22578125 0.075 0.15703125
3 0.3546875 0.17578125 0.06875 0.13671875
3 0.315625 0.13203125 0.06484375 0.084375
3 0.28671875 0.20390625 0.08203125 0.15703125