3 0.2875 0.75390625 0.0890625 0.13359375
3 0.0640625 0.76015625 0.090625 0.13046875
3 0.3375 0.61484375 0.05625 0.11328125
3 0.31171875 0.4953125 0.04375 0.08125
3 0.38125 0.496875 0.01875 0.0640625
3 0.4 0.515625 0.028125 0.0703125
3 0.5203125 0.51328125 0.046875 0.07734375
3 0.57421875 0.5234375 0.0453125 0.1015625
3 0.57734375 0.46953125 0.0390625 0.05703125
3 0.57265625 0.61640625 0.06015625 0.10546875
3 0.64609375 0.50859375 0.04296875 0.071875
3 0.69609375 0.503125 0.04453125 0.05703125
3 0.74609375 0.56328125 0.05703125 0.09453125
3 0.7921875 0.496875 0.05 0.06875
3 0.85625 0.51953125 0.04296875 0.06953125
3 0.8796875 0.48828125 0.04296875 0.0546875
3 0.8234375 0.578125 0.0578125 0.10390625
3 0.8375 0.65546875 0.071875 0.09921875
3 0.896875 0.64921875 0.07578125 0.0671875
3 0.99296875 0.51640625 0.01328125 0.0875
3 0.9921875 0.64921875 0.015625 0.0890625