3 0.13203125 0.74765625 0.1890625 0.2640625
3 0.27109375 0.3328125 0.07109375 0.10859375
3 0.38515625 0.3578125 0.0703125 0.11171875
3 0.375 0.303125 0.05546875 0.06640625
3 0.44765625 0.2921875 0.04921875 0.084375
3 0.58046875 0.31640625 0.04921875 0.1
3 0.68359375 0.34765625 0.0765625 0.09140625
3 0.728125 0.3859375 0.08359375 0.13203125
3 0.78984375 0.34375 0.0703125 0.103125
3 0.85859375 0.48828125 0.11953125 0.20625
3 0.9484375 0.3984375 0.075 0.1296875
0 0.865625 0.2828125 0.20703125 0.10390625