3 0.7890625 0.53125 0.796875 0.5375 0.8046875 0.5546875 0.80625 0.5859375 0.8 0.6078125 0.7921875 0.621875 0.78125 0.628125 0.7703125 0.628125 0.7609375 0.6234375 0.7546875 0.6125 0.7515625 0.6109375 0.746875 0.5953125 0.746875 0.5671875 0.753125 0.55 0.7625 0.5375 0.775 0.5296875 0.7875 0.53125
3 0.459375 0.428125 0.4703125 0.4375 0.475 0.45 0.4765625 0.48125 0.4671875 0.5078125 0.45625 0.515625 0.446875 0.515625 0.4390625 0.5109375 0.43125 0.4984375 0.428125 0.4875 0.428125 0.459375 0.4359375 0.440625 0.446875 0.4296875 0.4578125 0.428125
3 0.4125 0.425 0.4203125 0.4421875 0.421875 0.4625 0.4171875 0.4828125 0.409375 0.4984375 0.4 0.503125 0.390625 0.503125 0.3828125 0.4984375 0.3796875 0.49375 0.371875 0.4734375 0.371875 0.45625 0.378125 0.44375 0.378125 0.4328125 0.38125 0.425 0.39375 0.421875 0.4109375 0.425
3 0.003125 0.740625 0.015625 0.7453125 0.025 0.753125 0.0359375 0.7703125 0.040625 0.7875 0.040625 0.821875 0.034375 0.846875 0.0203125 0.871875 0.0046875 0.884375 0.0015625 0.88125 0 0.878125 0 0.83125 0.0015625 0.8296875 0 0.7453125 0.003125 0.7421875
3 0.128125 0.7484375 0.1359375 0.75 0.1515625 0.7625 0.159375 0.778125 0.1640625 0.8 0.1640625 0.8234375 0.1609375 0.8421875 0.1546875 0.8609375 0.1484375 0.871875 0.1375 0.8859375 0.1203125 0.8953125 0.1 0.89375 0.09375 0.890625 0.084375 0.88125 0.078125 0.871875 0.071875 0.8546875 0.06875 0.8234375 0.0703125 0.8078125 0.0765625 0.7875 0.0890625 0.765625 0.1078125 0.75 0.1265625 0.7484375
3 0.303125 0.565625 0.3140625 0.575 0.321875 0.59375 0.3234375 0.63125 0.3140625 0.6609375 0.3 0.6734375 0.2921875 0.675 0.278125 0.6734375 0.265625 0.6609375 0.2578125 0.6390625 0.2578125 0.609375 0.2625 0.590625 0.2703125 0.5765625 0.2859375 0.5640625 0.3015625 0.565625
3 0.396875 0.390625 0.4078125 0.4015625 0.4140625 0.425 0.3859375 0.4234375 0.378125 0.4296875 0.375 0.4484375 0.3703125 0.4484375 0.3671875 0.4375 0.36875 0.4125 0.375 0.4 0.3953125 0.390625
3 0.6109375 0.3765625 0.615625 0.3796875 0.621875 0.3921875 0.6234375 0.4203125 0.6140625 0.446875 0.6078125 0.45 0.596875 0.45 0.590625 0.446875 0.584375 0.4359375 0.58125 0.4234375 0.58125 0.4125 0.584375 0.3953125 0.59375 0.3796875 0.6 0.375 0.609375 0.3765625
3 0.3796875 0.36875 0.390625 0.3765625 0.39375 0.390625 0.3765625 0.403125 0.365625 0.4328125 0.3671875 0.4421875 0.3625 0.4390625 0.3625 0.4171875 0.3546875 0.3953125 0.3546875 0.3890625 0.3625 0.375 0.36875 0.3703125 0.378125 0.36875
3 0.34375 0.3859375 0.353125 0.3921875 0.353125 0.396875 0.3609375 0.415625 0.3625 0.43125 0.359375 0.4453125 0.353125 0.459375 0.3484375 0.4640625 0.340625 0.4671875 0.33125 0.465625 0.325 0.4609375 0.3171875 0.446875 0.315625 0.4140625 0.3203125 0.4 0.3265625 0.390625 0.334375 0.3859375 0.3421875 0.3859375
3 0.990625 0.4515625 0.9984375 0.4578125 0.9984375 0.5234375 0.9875 0.534375 0.975 0.534375 0.959375 0.5234375 0.953125 0.50625 0.953125 0.4890625 0.95625 0.4765625 0.9625 0.465625 0.975 0.453125 0.9828125 0.45 0.9890625 0.4515625
3 0.515625 0.534375 0.525 0.540625 0.53125 0.5515625 0.534375 0.5625 0.5359375 0.5859375 0.5328125 0.6046875 0.5265625 0.621875 0.5203125 0.63125 0.5140625 0.6359375 0.49375 0.634375 0.484375 0.6234375 0.478125 0.609375 0.4765625 0.6 0.4765625 0.5734375 0.484375 0.55 0.4953125 0.5375 0.5078125 0.5328125 0.5140625 0.534375
3 0.6140625 0.3171875 0.61875 0.321875 0.6234375 0.3328125 0.6234375 0.3609375 0.615625 0.3765625 0.60625 0.3734375 0.5953125 0.375 0.5921875 0.371875 0.5890625 0.3609375 0.5890625 0.3421875 0.5953125 0.325 0.60625 0.315625 0.6125 0.3171875
3 0.8203125 0.4703125 0.828125 0.465625 0.840625 0.4671875 0.85 0.4765625 0.8546875 0.4890625 0.8546875 0.51875 0.8453125 0.5453125 0.834375 0.553125 0.828125 0.5546875 0.821875 0.553125 0.809375 0.54375 0.803125 0.5265625 0.803125 0.4984375 0.8109375 0.48125 0.8203125 0.471875