3 0.296875 0.74296875 0.10703125 0.1796875
3 0.06640625 0.75703125 0.10234375 0.171875
3 0.34140625 0.6046875 0.06875 0.1171875
3 0.3140625 0.4875 0.05390625 0.0890625
3 0.38515625 0.490625 0.0203125 0.059375
3 0.3984375 0.5 0.02265625 0.059375
3 0.57578125 0.61171875 0.05859375 0.12265625
3 0.53125 0.5078125 0.0359375 0.0703125
3 0.565625 0.50859375 0.0421875 0.09140625
3 0.5765625 0.45859375 0.03671875 0.06328125
3 0.6453125 0.49453125 0.04765625 0.07109375
3 0.70234375 0.4953125 0.04765625 0.06953125
3 0.7484375 0.55234375 0.05859375 0.08828125
3 0.79296875 0.49375 0.04765625 0.078125
3 0.85859375 0.51328125 0.04296875 0.06875
3 0.87734375 0.478125 0.0453125 0.05546875
3 0.825 0.565625 0.05859375 0.10625
3 0.8390625 0.63984375 0.06484375 0.096875
3 0.90078125 0.640625 0.071875 0.0703125