1 0.38046875 0.7359375 0.16796875 0.22734375
1 0.3109375 0.5515625 0.153125 0.2015625
1 0.56171875 0.75390625 0.16953125 0.23984375
1 0.45703125 0.54296875 0.153125 0.20390625
1 0.7359375 0.7484375 0.18125 0.24453125
1 0.921875 0.80703125 0.15625 0.26328125
1 0.9203125 0.52421875 0.15703125 0.22421875
1 0.76171875 0.53515625 0.16640625 0.21953125
1 0.60546875 0.49921875 0.15546875 0.2078125
1 0.925 0.33125 0.146875 0.196875
1 0.765625 0.346875 0.15546875 0.19375
1 0.62109375 0.32265625 0.14375 0.1875
1 0.48046875 0.3671875 0.1421875 0.18671875
1 0.91640625 0.16875 0.1546875 0.1921875
1 0.771875 0.15546875 0.140625 0.18984375
1 0.63125 0.16953125 0.134375 0.17421875
1 0.50390625 0.2140625 0.13359375 0.17265625
1 0.34765625 0.353125 0.1421875 0.184375