3 0.29140625 0.91328125 0.11796875 0.14375
3 0.26640625 0.696875 0.084375 0.1265625
3 0.16953125 0.5484375 0.06171875 0.09609375
3 0.3109375 0.5640625 0.0546875 0.06796875
3 0.27890625 0.5453125 0.04921875 0.07734375
3 0.2828125 0.49375 0.04609375 0.05703125
3 0.0140625 0.9453125 0.02109375 0.109375
3 0.43046875 0.55703125 0.06015625 0.1015625
3 0.49296875 0.5609375 0.05 0.08125
3 0.5859375 0.5390625 0.02734375 0.05390625
3 0.62734375 0.54375 0.05 0.07109375
3 0.69375 0.590625 0.05234375 0.08125
3 0.70546875 0.52578125 0.040625 0.06640625
3 0.7703125 0.52734375 0.0578125 0.065625
3 0.76875 0.59921875 0.059375 0.11484375
3 0.828125 0.68515625 0.06015625 0.0796875
3 0.8859375 0.70546875 0.06484375 0.109375
3 0.9703125 0.67265625 0.059375 0.11484375
3 0.92734375 0.54296875 0.05546875 0.0890625
3 0.86640625 0.53515625 0.02734375 0.06953125