3 0.86328125 0.73828125 0.0921875 0.16171875
3 0.8359375 0.66328125 0.1 0.11171875
3 0.60703125 0.496875 0.0484375 0.10078125
3 0.68046875 0.45390625 0.06171875 0.1140625
3 0.8234375 0.4515625 0.05703125 0.096875
3 0.9765625 0.6234375 0.046875 0.11171875
3 0.98125 0.56328125 0.03671875 0.05390625
3 0.528125 0.33671875 0.04765625 0.078125
3 0.51171875 0.390625 0.05234375 0.1015625
3 0.384375 0.4859375 0.07265625 0.10625
3 0.3703125 0.41015625 0.04375 0.065625
3 0.32578125 0.40859375 0.05546875 0.090625
3 0.27734375 0.375 0.0546875 0.09453125
3 0.32421875 0.34140625 0.05 0.059375
3 0.21796875 0.490625 0.06953125 0.1109375
3 0.06640625 0.59296875 0.0796875 0.12890625
3 0.01015625 0.57734375 0.0203125 0.14296875