3 0.33515625 0.9328125 0.11640625 0.134375
3 0.24453125 0.76015625 0.1046875 0.15
3 0.2578125 0.6140625 0.06953125 0.0921875
3 0.2171875 0.61015625 0.0546875 0.084375
3 0.20859375 0.5546875 0.0546875 0.06171875
3 0.10234375 0.62890625 0.0796875 0.09765625
3 0.39140625 0.58515625 0.06171875 0.109375
3 0.4265625 0.528125 0.05 0.0796875
3 0.45078125 0.5703125 0.05390625 0.06875
3 0.53125 0.54453125 0.0515625 0.0796875
3 0.54296875 0.66875 0.05390625 0.10625
3 0.58671875 0.53359375 0.0390625 0.08203125
3 0.67421875 0.5765625 0.03828125 0.09375
3 0.70390625 0.5015625 0.05703125 0.08203125
3 0.73203125 0.5734375 0.059375 0.09765625
3 0.79765625 0.4796875 0.03203125 0.05859375
3 0.85234375 0.48359375 0.05078125 0.0703125
3 0.79765625 0.615625 0.06796875 0.11171875
3 0.86015625 0.63671875 0.07265625 0.1015625
3 0.9296875 0.590625 0.08125 0.109375
3 0.99375 0.5859375 0.01171875 0.06953125