3 0.25703125 0.9203125 0.1421875 0.159375
3 0.03125 0.8140625 0.0625 0.18671875
3 0.11640625 0.58671875 0.0859375 0.11328125
3 0.13828125 0.51484375 0.06171875 0.0921875
3 0.19140625 0.5609375 0.08125 0.1015625
3 0.28515625 0.5203125 0.06640625 0.103125
3 0.33203125 0.48828125 0.06796875 0.103125
3 0.36328125 0.61171875 0.07109375 0.1234375
3 0.41953125 0.50859375 0.04453125 0.0953125
3 0.4984375 0.48515625 0.0640625 0.096875
3 0.62890625 0.521875 0.059375 0.11875
3 0.66953125 0.459375 0.07109375 0.0796875
3 0.7265625 0.45078125 0.07734375 0.08671875
3 0.57421875 0.528125 0.05234375 0.09140625