3 0.090625 0.57421875 0.0625 0.0921875
3 0.02421875 0.56484375 0.0484375 0.09296875
3 0.21484375 0.5109375 0.0546875 0.0921875
3 0.36171875 0.51015625 0.0515625 0.0875
3 0.5546875 0.521875 0.05625 0.11796875
3 0.6265625 0.5015625 0.05390625 0.0890625
3 0.50703125 0.40078125 0.03984375 0.07109375
3 0.48046875 0.43046875 0.0421875 0.075
3 0.35546875 0.44765625 0.04140625 0.0765625
3 0.31875 0.4421875 0.0390625 0.0703125
3 0.3125 0.39140625 0.0328125 0.04453125
3 0.28515625 0.421875 0.040625 0.06953125
3 0.75234375 0.49765625 0.04921875 0.08125
3 0.8765625 0.6234375 0.05859375 0.10234375
3 0.8828125 0.57578125 0.0515625 0.0640625
3 0.7453125 0.69453125 0.06875 0.11015625
3 0.7328125 0.6359375 0.053125 0.08046875