3 0.1203125 0.76953125 0.18671875 0.30859375
3 0.25390625 0.34140625 0.065625 0.103125
3 0.3703125 0.36640625 0.07109375 0.0890625
3 0.3625 0.296875 0.04609375 0.06015625
3 0.43671875 0.2921875 0.0515625 0.06875
3 0.56875 0.3171875 0.05078125 0.10546875
3 0.6765625 0.35234375 0.06953125 0.1078125
3 0.7140625 0.3984375 0.06875 0.12109375
3 0.77578125 0.346875 0.06015625 0.109375
3 0.8328125 0.496875 0.1125 0.15859375
3 0.93828125 0.3859375 0.07734375 0.096875
0 0.85703125 0.28125 0.228125 0.10625