3 0.1203125 0.30625 0.13125 0.3171875 0.1390625 0.3421875 0.1375 0.36875 0.13125 0.378125 0.121875 0.3828125 0.1078125 0.38125 0.1 0.3734375 0.0921875 0.3453125 0.0921875 0.33125 0.096875 0.3140625 0.1046875 0.30625 0.109375 0.3046875 0.11875 0.30625
3 0.4296875 0.2640625 0.4375 0.2703125 0.4421875 0.278125 0.4453125 0.29375 0.4453125 0.315625 0.4421875 0.3234375 0.428125 0.33125 0.421875 0.328125 0.415625 0.3203125 0.4109375 0.290625 0.4125 0.2796875 0.41875 0.2671875 0.4234375 0.2640625 0.428125 0.2640625
3 0.34375 0.3859375 0.3484375 0.3875 0.3578125 0.4 0.365625 0.425 0.3640625 0.4578125 0.3546875 0.4703125 0.3515625 0.46875 0.3484375 0.4609375 0.3484375 0.453125 0.3421875 0.4390625 0.3375 0.4359375 0.33125 0.4265625 0.3265625 0.4234375 0.3171875 0.421875 0.31875 0.40625 0.328125 0.3890625 0.334375 0.3859375 0.3421875 0.3859375
3 0.7203125 0.540625 0.73125 0.5515625 0.7375 0.5640625 0.74375 0.590625 0.74375 0.6109375 0.7390625 0.628125 0.734375 0.6359375 0.7203125 0.6453125 0.70625 0.64375 0.696875 0.634375 0.690625 0.6203125 0.6859375 0.6 0.6859375 0.5734375 0.6875 0.565625 0.6953125 0.55 0.709375 0.5390625 0.71875 0.540625
3 0.2203125 0.453125 0.23125 0.45625 0.240625 0.465625 0.2453125 0.4765625 0.24375 0.4859375 0.2390625 0.490625 0.2390625 0.4984375 0.234375 0.5046875 0.23125 0.5171875 0.2328125 0.546875 0.225 0.5546875 0.2171875 0.5546875 0.2046875 0.5453125 0.19375 0.5109375 0.19375 0.4875 0.2 0.4671875 0.209375 0.45625 0.21875 0.453125
3 0.34375 0.2 0.3515625 0.2125 0.3546875 0.2375 0.35 0.2484375 0.3421875 0.253125 0.3328125 0.2515625 0.328125 0.246875 0.325 0.23125 0.325 0.2140625 0.3296875 0.2015625 0.3421875 0.2
3 0.465625 0.35625 0.4734375 0.3625 0.4796875 0.3765625 0.4828125 0.390625 0.4828125 0.4109375 0.4765625 0.428125 0.4703125 0.434375 0.4640625 0.4359375 0.453125 0.4328125 0.4484375 0.4265625 0.4421875 0.4109375 0.440625 0.3984375 0.440625 0.378125 0.446875 0.3625 0.4578125 0.3546875 0.4640625 0.35625
3 0.3171875 0.4234375 0.3296875 0.425 0.334375 0.4328125 0.340625 0.4375 0.3453125 0.446875 0.3515625 0.478125 0.3484375 0.4984375 0.3421875 0.5078125 0.33125 0.515625 0.3171875 0.515625 0.309375 0.509375 0.303125 0.4953125 0.2984375 0.4640625 0.2984375 0.4484375 0.30625 0.4296875 0.3109375 0.425 0.315625 0.425
3 0.4421875 0.18125 0.45 0.1875 0.4546875 0.2125 0.453125 0.2265625 0.4453125 0.2328125 0.4390625 0.2328125 0.434375 0.2296875 0.4296875 0.21875 0.428125 0.2078125 0.43125 0.1875 0.440625 0.18125
3 0.2765625 0.434375 0.2875 0.4421875 0.296875 0.459375 0.3015625 0.4875 0.3015625 0.5046875 0.3 0.5109375 0.29375 0.5171875 0.2796875 0.4890625 0.271875 0.48125 0.265625 0.478125 0.2484375 0.478125 0.246875 0.4765625 0.246875 0.459375 0.2546875 0.4421875 0.2640625 0.434375 0.26875 0.4328125 0.275 0.434375
3 0.346875 0.265625 0.3484375 0.253125 0.353125 0.24375 0.35625 0.240625 0.3671875 0.240625 0.375 0.25 0.3796875 0.2671875 0.378125 0.296875 0.371875 0.3015625 0.359375 0.3015625 0.3546875 0.2984375 0.3484375 0.2828125 0.3484375 0.2671875
3 0.2484375 0.3125 0.259375 0.325 0.265625 0.3484375 0.265625 0.3703125 0.2609375 0.3796875 0.2546875 0.3859375 0.2359375 0.3859375 0.2265625 0.3734375 0.221875 0.353125 0.221875 0.334375 0.2265625 0.3203125 0.2328125 0.3125 0.240625 0.3109375 0.246875 0.3125
3 0.5328125 0.2203125 0.5375 0.225 0.540625 0.234375 0.54375 0.25625 0.5390625 0.271875 0.5296875 0.275 0.521875 0.2734375 0.5171875 0.265625 0.5140625 0.2390625 0.5171875 0.2265625 0.5234375 0.2203125 0.53125 0.2203125
3 0.528125 0.4484375 0.5375 0.4546875 0.54375 0.4671875 0.5484375 0.484375 0.55 0.5046875 0.546875 0.521875 0.5421875 0.5328125 0.5265625 0.5421875 0.51875 0.540625 0.509375 0.5328125 0.5046875 0.5234375 0.5 0.5046875 0.5015625 0.465625 0.5109375 0.45 0.5171875 0.446875 0.5265625 0.4484375
3 0.47109375 0.2125 0.0265625 0.053125
3 0.565625 0.221875 0.571875 0.23125 0.575 0.2546875 0.571875 0.271875 0.565625 0.275 0.559375 0.275 0.5515625 0.2703125 0.546875 0.2515625 0.546875 0.2375 0.55 0.2265625 0.5578125 0.2203125 0.5640625 0.221875
3 0.2484375 0.4765625 0.25 0.478125 0.2640625 0.4765625 0.2734375 0.48125 0.2796875 0.4890625 0.2875 0.50625 0.2921875 0.521875 0.2921875 0.5484375 0.28125 0.571875 0.26875 0.5796875 0.259375 0.5796875 0.246875 0.5734375 0.2375 0.5578125 0.2328125 0.540625 0.2328125 0.5125 0.240625 0.4921875 0.2453125 0.4859375 0.246875 0.478125
3 0.6890625 0.48125 0.6953125 0.4875 0.703125 0.5015625 0.7078125 0.5203125 0.7078125 0.5375 0.69375 0.55 0.684375 0.571875 0.6796875 0.575 0.671875 0.5734375 0.6625 0.559375 0.65625 0.5359375 0.65625 0.509375 0.6625 0.490625 0.671875 0.48125 0.675 0.4796875 0.6875 0.48125