3 0.334375 0.2609375 0.0296875 0.05
3 0.4421875 0.225 0.446875 0.2375 0.446875 0.2484375 0.4390625 0.2640625 0.43125 0.2640625 0.425 0.2609375 0.4203125 0.240625 0.4234375 0.2265625 0.428125 0.221875 0.4359375 0.2203125 0.440625 0.225
3 0.1203125 0.3390625 0.134375 0.3515625 0.1390625 0.3640625 0.140625 0.3765625 0.1375 0.39375 0.1328125 0.403125 0.1234375 0.4109375 0.1125 0.4109375 0.1046875 0.40625 0.0984375 0.396875 0.09375 0.3796875 0.09375 0.36875 0.0984375 0.3515625 0.1078125 0.340625 0.11875 0.3390625
3 0.253125 0.3484375 0.259375 0.353125 0.2640625 0.3625 0.2671875 0.3734375 0.2671875 0.390625 0.2609375 0.4078125 0.2515625 0.415625 0.240625 0.415625 0.234375 0.4109375 0.2265625 0.3953125 0.225 0.3875 0.225 0.371875 0.23125 0.3546875 0.2421875 0.346875 0.2515625 0.3484375
3 0.365625 0.278125 0.3703125 0.28125 0.3765625 0.2953125 0.3765625 0.3171875 0.3703125 0.33125 0.365625 0.334375 0.35625 0.334375 0.3515625 0.3296875 0.3453125 0.3140625 0.3453125 0.2953125 0.3484375 0.2859375 0.353125 0.2796875 0.3640625 0.278125
3 0.45625 0.2265625 0.4671875 0.225 0.475 0.2375 0.475 0.2578125 0.471875 0.2671875 0.465625 0.271875 0.4578125 0.2703125 0.453125 0.265625 0.45 0.2515625 0.45 0.240625 0.45625 0.228125
3 0.43125 0.3015625 0.440625 0.3125 0.44375 0.325 0.4421875 0.34375 0.4375 0.35625 0.4328125 0.3609375 0.421875 0.3609375 0.415625 0.3546875 0.409375 0.334375 0.4125 0.3125 0.421875 0.3015625 0.4296875 0.3015625
3 0.521875 0.2578125 0.53125 0.2640625 0.534375 0.271875 0.534375 0.29375 0.5296875 0.3046875 0.525 0.3078125 0.5171875 0.3078125 0.5125 0.303125 0.5078125 0.290625 0.509375 0.2671875 0.515625 0.259375 0.5203125 0.2578125
3 0.55625 0.259375 0.5640625 0.2671875 0.5671875 0.2765625 0.5671875 0.2875 0.5609375 0.30625 0.5546875 0.309375 0.546875 0.30625 0.5421875 0.2984375 0.5390625 0.284375 0.5390625 0.275 0.54375 0.2640625 0.55 0.259375 0.5546875 0.259375
3 0.246875 0.4890625 0.25625 0.4984375 0.25625 0.5109375 0.2515625 0.51875 0.2515625 0.528125 0.246875 0.540625 0.2453125 0.5765625 0.240625 0.5796875 0.2296875 0.5796875 0.2171875 0.5703125 0.209375 0.5546875 0.20625 0.5296875 0.2109375 0.5078125 0.221875 0.490625 0.2265625 0.4875 0.24375 0.4875 0.2453125 0.4890625
3 0.29375 0.46875 0.303125 0.4765625 0.3078125 0.484375 0.3109375 0.503125 0.3109375 0.5234375 0.30625 0.5359375 0.3015625 0.534375 0.3 0.5265625 0.290625 0.5109375 0.275 0.5046875 0.2609375 0.50625 0.2578125 0.4984375 0.265625 0.478125 0.275 0.46875 0.284375 0.465625 0.2921875 0.46875
3 0.259375 0.5046875 0.2640625 0.50625 0.28125 0.5046875 0.2875 0.5078125 0.2921875 0.5125 0.3046875 0.540625 0.3046875 0.5671875 0.3 0.5828125 0.290625 0.5984375 0.278125 0.6046875 0.26875 0.603125 0.2609375 0.5984375 0.2546875 0.5875 0.2515625 0.5859375 0.246875 0.5703125 0.246875 0.546875 0.253125 0.51875 0.259375 0.50625
3 0.35625 0.421875 0.3640625 0.428125 0.371875 0.4484375 0.371875 0.4703125 0.3625 0.4953125 0.359375 0.4921875 0.35625 0.4734375 0.3515625 0.4640625 0.3421875 0.45625 0.33125 0.4578125 0.3265625 0.45625 0.325 0.453125 0.328125 0.4375 0.3328125 0.428125 0.3421875 0.4203125 0.3546875 0.421875
3 0.34375 0.4578125 0.35 0.4625 0.35625 0.4765625 0.35625 0.4859375 0.359375 0.4921875 0.359375 0.50625 0.35625 0.5203125 0.3484375 0.5359375 0.334375 0.5421875 0.3265625 0.540625 0.3203125 0.5359375 0.3125 0.5203125 0.309375 0.48125 0.315625 0.465625 0.321875 0.459375 0.3390625 0.45625 0.3421875 0.4578125
3 0.4703125 0.390625 0.48125 0.4015625 0.4859375 0.4171875 0.4859375 0.434375 0.478125 0.45625 0.475 0.4609375 0.4671875 0.4625 0.45625 0.4609375 0.4484375 0.4484375 0.4453125 0.4359375 0.4453125 0.4125 0.45 0.4 0.459375 0.390625 0.4625 0.3890625 0.46875 0.390625
3 0.5375 0.4796875 0.55 0.490625 0.553125 0.496875 0.55625 0.509375 0.55625 0.5359375 0.546875 0.5578125 0.5359375 0.565625 0.528125 0.565625 0.5171875 0.5578125 0.5109375 0.5453125 0.5078125 0.5328125 0.509375 0.503125 0.515625 0.4890625 0.528125 0.4796875 0.5359375 0.4796875
3 0.7 0.515625 0.7109375 0.5375 0.7109375 0.5671875 0.7015625 0.5796875 0.6921875 0.5984375 0.6796875 0.5984375 0.675 0.5953125 0.6671875 0.584375 0.6625 0.56875 0.6609375 0.546875 0.665625 0.528125 0.675 0.5140625 0.6875 0.5109375 0.6953125 0.5125 0.6984375 0.515625
3 0.73125 0.5703125 0.740625 0.5796875 0.7453125 0.5890625 0.75 0.6078125 0.75 0.6234375 0.7421875 0.65 0.7375 0.6578125 0.728125 0.665625 0.71875 0.665625 0.7046875 0.65625 0.6953125 0.6328125 0.69375 0.603125 0.6984375 0.5875 0.70625 0.575 0.71875 0.5671875 0.7296875 0.5703125