3 0.140625 0.74140625 0.21875 0.36953125
3 0.27109375 0.340625 0.05546875 0.090625
3 0.3765625 0.30234375 0.053125 0.0859375
3 0.38671875 0.35234375 0.0703125 0.1140625
3 0.45 0.290625 0.04609375 0.07890625
3 0.58671875 0.3171875 0.03671875 0.09296875
3 0.6859375 0.3421875 0.04453125 0.0984375
3 0.725 0.390625 0.07109375 0.14140625
3 0.7828125 0.33515625 0.053125 0.14140625
3 0.85546875 0.5078125 0.09765625 0.1859375
3 0.95234375 0.39453125 0.06171875 0.13125
0 0.871875 0.28203125 0.22421875 0.09921875